Month	Day	Year	TAVG (F)	Precipitation (in)	Avg Rel Hum (%)	TMAX (F)	TMIN (F)	WINDVEL (m/sec)	Min Rel Hum (%)	Sunshine
1	1	2000	35	0.01	82	39	31	2.95	68	-99999
1	2	2000	41.5	0.04	87	52	31	4.2	74	-99999
1	3	2000	28	0.24	87.5	31	25	5.99	79	-99999
1	4	2000	24.5	0.03	72	29	20	4.07	56	-99999
1	5	2000	15.5	0.003	81.5	26	5	5.28	71	-99999
1	6	2000	30.5	0.003	68	36	25	4.16	52	-99999
1	7	2000	17.5	0.003	61	27	8	3.93	47	-99999
1	8	2000	32	0	76.5	40	24	4.02	57	-99999
1	9	2000	35	0.06	87.5	37	33	2.77	78	-99999
1	10	2000	37.5	0.06	81.5	41	34	3.76	67	-99999
1	11	2000	28	0.01	68	35	21	4.11	51	-99999
1	12	2000	20	0.01	75.5	22	18	5.01	62	-99999
1	13	2000	14.5	0.02	74	23	6	3.4	57	-99999
1	14	2000	14	0.02	84.5	24	4	3.49	77	-99999
1	15	2000	30	0	76	37	23	3.04	64	-99999
1	16	2000	24.5	0	57.5	34	15	5.32	43	-99999
1	17	2000	20	0.01	74.5	24	16	5.36	57	-99999
1	18	2000	27	0.003	68	36	18	3.4	44	-99999
1	19	2000	17	0.13	77	22	12	2.41	62	-99999
1	20	2000	6	0.003	67.5	15	-3	3.71	52	-99999
1	21	2000	0.5	0	68.5	8	-7	2.15	50	-99999
1	22	2000	14	0.03	81	21	7	3.84	73	-99999
1	23	2000	8.5	0	70.5	18	-1	3.84	53	-99999
1	24	2000	7	0.003	73.5	18	-4	2.77	59	-99999
1	25	2000	13.5	0.003	62	20	7	4.34	43	-99999
1	26	2000	8	0	73.5	18	-2	2.77	59	-99999
1	27	2000	9	0	75	24	-6	0.27	59	-99999
1	28	2000	12.5	0	74.5	27	-2	0.45	57	-99999
1	29	2000	18.5	0.12	83.5	29	8	3.67	71	-99999
1	30	2000	26	0.12	75.5	30	22	4.83	60	-99999
1	31	2000	21	0.003	71.5	28	14	3.49	63	-99999
2	1	2000	20	0.003	67.5	29	11	3.49	51	-99999
2	2	2000	16.5	0.02	85	29	4	3.49	78	-99999
2	3	2000	25	0.003	82	33	17	3.58	72	-99999
2	4	2000	23.5	0.003	66	31	16	4.38	43	-99999
2	5	2000	23.5	0	67	34	13	2.59	46	-99999
2	6	2000	21.5	0.01	82.5	32	11	1.79	69	-99999
2	7	2000	19.5	0	78.5	30	9	2.37	61	-99999
2	8	2000	18.5	0	84.5	33	4	4.16	77	-99999
2	9	2000	32.5	0	78	40	25	3.26	67	-99999
2	10	2000	28	0.003	85	33	23	6.04	78	-99999
2	11	2000	15	0.003	58.5	24	6	2.95	36	-99999
2	12	2000	16	0.04	74.5	29	3	2.28	53	-99999
2	13	2000	23.5	0.38	87	27	20	6.44	78	-99999
2	14	2000	23.5	0.003	72.5	29	18	2.73	61	-99999
2	15	2000	33	0.02	83.5	40	26	5.68	75	-99999
2	16	2000	24	0	60	33	15	3.58	45	-99999
2	17	2000	20	0.03	76.5	31	9	2.5	61	-99999
2	18	2000	22	0.3	87	28	16	5.81	78	-99999
2	19	2000	22	0.003	79.5	30	14	2.82	64	-99999
2	20	2000	27.5	0	67	34	21	3.08	52	-99999
2	21	2000	31	0	71	43	19	3.84	53	-99999
2	22	2000	42.5	0	77.5	50	35	3.53	66	-99999
2	23	2000	50	0.003	76	57	43	4.34	59	-99999
2	24	2000	45.5	0.42	95	49	42	2.28	90	-99999
2	25	2000	52	0.45	87.5	64	40	5.05	75	-99999
2	26	2000	50.5	0.21	76	61	40	5.05	59	-99999
2	27	2000	41	0	55.5	50	32	4.52	28	-99999
2	28	2000	38	0	65.5	53	23	3.93	35	-99999
2	29	2000	51.5	0.07	69.5	60	43	5.01	42	-99999
3	1	2000	38	0	71.5	47	29	5.01	47	-99999
3	2	2000	33	0	63.5	43	23	2.32	43	-99999
3	3	2000	33	0	62	48	18	1.16	28	-99999
3	4	2000	45	0	65	61	29	1.56	33	-99999
3	5	2000	48.5	0	66.5	68	29	1.39	37	-99999
3	6	2000	47	0	61.5	69	25	3.44	23	-99999
3	7	2000	63.5	0	68.5	77	50	3.62	50	-99999
3	8	2000	61.5	0.003	60.5	73	50	4.69	29	-99999
3	9	2000	39.5	0.21	76.5	55	24	5.45	57	-99999
3	10	2000	24.5	0.01	78	30	19	2.82	64	-99999
3	11	2000	28	0	63	41	15	2.24	30	-99999
3	12	2000	31	0.03	65.5	44	18	1.61	35	-99999
3	13	2000	35	0.05	79.5	42	28	1.88	63	-99999
3	14	2000	38.5	0.003	70	52	25	2.86	48	-99999
3	15	2000	39.5	0.11	79.5	50	29	4.07	66	-99999
3	16	2000	29.5	0	50	38	21	4.11	25	-99999
3	17	2000	28.5	0	59	38	19	4.2	37	-99999
3	18	2000	28	0.1	76	34	22	3.4	56	-99999
3	19	2000	32.5	0.22	94.5	34	31	5.14	89	-99999
3	20	2000	39	0.08	96.5	44	34	4.11	93	-99999
3	21	2000	46.5	0	87	53	40	1.16	74	-99999
3	22	2000	46	0	84.5	55	37	1.83	69	-99999
3	23	2000	48.5	0	78	62	35	3.08	56	-99999
3	24	2000	54.5	0.18	80.5	61	48	3.93	72	-99999
3	25	2000	47.5	0	48.5	57	38	5.59	24	-99999
3	26	2000	45	0.17	54.5	62	28	3.89	31	-99999
3	27	2000	43	0.01	59	53	33	4.29	36	-99999
3	28	2000	37.5	0.003	65.5	45	30	4.96	49	-99999
3	29	2000	40.5	0	60.5	52	29	2.1	39	-99999
3	30	2000	40	0	63.5	56	24	1.25	31	-99999
3	31	2000	47.5	0	59	65	30	2.15	26	-99999
4	1	2000	47.5	0.003	60.5	52	43	2.32	45	-99999
4	2	2000	46	0	66	60	32	3.08	36	-99999
4	3	2000	47	0.003	55.5	57	37	4.65	34	-99999
4	4	2000	36.5	0.003	50	45	28	4.78	27	-99999
4	5	2000	44.5	0	50	65	24	5.45	28	-99999
4	6	2000	50.5	0	38.5	59	42	4.92	19	-99999
4	7	2000	36	0.4	66.5	45	27	6.97	37	-99999
4	8	2000	32.5	0	50	43	22	4.34	38	-99999
4	9	2000	41	0	46.5	53	29	4.43	26	-99999
4	10	2000	34	0.03	68	39	29	4.65	44	-99999
4	11	2000	35	0.03	77	42	28	3.08	58	-99999
4	12	2000	38	0	52	49	27	2.77	22	-99999
4	13	2000	49	0.003	48.5	60	38	5.28	35	-99999
4	14	2000	60.5	0	45	75	46	5.63	25	-99999
4	15	2000	48.5	0.003	78	60	37	5.68	67	-99999
4	16	2000	38	0.003	91.5	42	34	6.75	86	-99999
4	17	2000	37	0.003	93	39	35	4.69	89	-99999
4	18	2000	45.5	0.003	82	54	37	1.48	67	-99999
4	19	2000	45	0.67	91.5	49	41	5.41	86	-99999
4	20	2000	43	0.89	94.5	47	39	9.21	89	-99999
4	21	2000	48	0.003	55.5	61	35	5.01	22	-99999
4	22	2000	47.5	0.05	60.5	66	29	1.61	25	-99999
4	23	2000	49.5	0.98	75	60	39	4.16	54	-99999
4	24	2000	50.5	0	64.5	66	35	4.34	33	-99999
4	25	2000	48.5	0	52.5	65	32	2.95	26	-99999
4	26	2000	51	0	57.5	70	32	1.03	22	-99999
4	27	2000	56	0	44.5	73	39	1.16	21	-99999
4	28	2000	52	0.13	58.5	68	36	2.41	27	-99999
4	29	2000	47.5	0	81	56	39	3.49	62	-99999
4	30	2000	51	0	70.5	68	34	1.79	41	-99999
5	1	2000	58	0.03	59.5	73	43	3.04	26	-99999
5	2	2000	55.5	0	64.5	72	39	2.19	32	-99999
5	3	2000	62	0	61	77	47	3.13	32	-99999
5	4	2000	67.5	0	65.5	79	56	3.26	47	-99999
5	5	2000	69	0	66.5	82	56	3.62	40	-99999
5	6	2000	71.5	0.003	65	81	62	4.38	46	-99999
5	7	2000	73	0	69.5	81	65	3.17	52	-99999
5	8	2000	70	0.36	78.5	78	62	4.11	64	-99999
5	9	2000	55.5	0.21	72.5	62	49	3.31	55	-99999
5	10	2000	49.5	0.003	75	61	38	2.73	50	-99999
5	11	2000	64.5	0.38	79	74	55	4.56	62	-99999
5	12	2000	61.5	0.08	83.5	72	51	2.37	67	-99999
5	13	2000	48	0	59.5	54	42	5.1	50	-99999
5	14	2000	49.5	0	53	60	39	3.62	27	-99999
5	15	2000	51.5	0	59.5	69	34	2.41	30	-99999
5	16	2000	60	0.03	72	68	52	2.59	51	-99999
5	17	2000	55.5	2.58	82.5	65	46	4.34	65	-99999
5	18	2000	49.5	2.09	88	57	42	8.27	76	-99999
5	19	2000	47	0	71.5	58	36	3.98	46	-99999
5	20	2000	50	0	69	64	36	0.76	38	-99999
5	21	2000	55	0	76.5	69	41	3.26	57	-99999
5	22	2000	66.5	0.01	72	77	56	3.4	47	-99999
5	23	2000	67.5	0.003	66.5	78	57	2.73	37	-99999
5	24	2000	65	0	44	76	54	4.56	21	-99999
5	25	2000	61	0	61.5	72	50	2.86	34	-99999
5	26	2000	59.5	0.03	70.5	72	47	3.62	44	-99999
5	27	2000	54.5	0.47	95	58	51	5.63	90	-99999
5	28	2000	53	0.1	88.5	57	49	4.11	77	-99999
5	29	2000	55	0	78.5	69	41	2.19	57	-99999
5	30	2000	62.5	0.93	91	73	52	3.62	82	-99999
5	31	2000	64.5	2.33	93.5	68	61	3.04	87	-99999
6	1	2000	72.5	3.46	82	85	60	3.26	67	-99999
6	2	2000	59.5	0	75	67	52	3.44	54	-99999
6	3	2000	58.5	0.07	71	68	49	2.24	52	-99999
6	4	2000	53.5	0.5	84	56	51	3.31	72	-99999
6	5	2000	56	0.21	70.5	66	46	5.14	44	-99999
6	6	2000	57.5	0	69	72	43	1.34	41	-99999
6	7	2000	62.5	0.003	68.5	75	50	3.93	40	-99999
6	8	2000	75	0	63	86	64	3.58	53	-99999
6	9	2000	76.5	0	53.5	85	68	4.96	43	-99999
6	10	2000	78.5	0	70	85	72	5.1	61	-99999
6	11	2000	71	0.003	73	84	58	3.35	56	-99999
6	12	2000	56	0.09	89.5	59	53	4.43	82	-99999
6	13	2000	63	2.24	89.5	71	55	3.26	79	-99999
6	14	2000	67	0.13	84.5	71	63	4.96	73	-99999
6	15	2000	66.5	0.12	70	74	59	4.69	53	-99999
6	16	2000	63	0.07	71.5	73	53	4.65	53	-99999
6	17	2000	58.5	0.003	70	69	48	1.7	47	-99999
6	18	2000	63.5	0.003	72	74	53	2.73	47	-99999
6	19	2000	70.5	0	57	80	61	4.25	39	-99999
6	20	2000	73.5	0.63	79.5	81	66	6.21	62	-99999
6	21	2000	70.5	0	60.5	77	64	5.19	37	-99999
6	22	2000	67.5	0	77	76	59	3.58	54	-99999
6	23	2000	66.5	0.003	76	79	54	1.88	52	-99999
6	24	2000	66	0.77	92	72	60	2.24	84	-99999
6	25	2000	73.5	0.01	77.5	82	65	2.06	55	-99999
6	26	2000	69.5	0.08	70.5	76	63	3.17	48	-99999
6	27	2000	65.5	0	70.5	74	57	2.1	44	-99999
6	28	2000	62.5	0.25	76.5	70	55	1.48	57	-99999
6	29	2000	63	0	70.5	72	54	2.73	44	-99999
6	30	2000	65	0	71	78	52	2.82	45	-99999
7	1	2000	72	0	70	80	64	3.84	56	-99999
7	2	2000	71.5	1.89	89	80	63	3.35	81	-99999
7	3	2000	68	0.003	87	75	61	3.13	74	-99999
7	4	2000	70	0	81	80	60	2.01	62	-99999
7	5	2000	72	0	76.5	82	62	2.01	56	-99999
7	6	2000	71	0	77.5	82	60	3.26	62	-99999
7	7	2000	66	0	77.5	76	56	4.02	62	-99999
7	8	2000	75	0	81	84	66	4.74	71	-99999
7	9	2000	77	0.21	77.5	86	68	2.5	59	-99999
7	10	2000	73.5	0.82	80.5	84	63	3.58	61	-99999
7	11	2000	70.5	0	77.5	81	60	3.53	62	-99999
7	12	2000	71	0	72	79	63	3.58	54	-99999
7	13	2000	73.5	0	71	85	62	1.65	45	-99999
7	14	2000	74	0	67	84	64	3.31	44	-99999
7	15	2000	69.5	0	73	81	58	1.97	49	-99999
7	16	2000	70	0	75.5	82	58	1.43	51	-99999
7	17	2000	71.5	0	67.5	81	62	3.49	48	-99999
7	18	2000	60	0.003	71	69	51	3.22	55	-99999
7	19	2000	63	0	76.5	70	56	1.88	57	-99999
7	20	2000	63	0.08	78.5	73	53	2.1	60	-99999
7	21	2000	62	0.003	71	72	52	2.5	49	-99999
7	22	2000	62	0	75	72	52	1.83	53	-99999
7	23	2000	63	0	70	77	49	0.98	40	-99999
7	24	2000	64.5	0	71.5	79	50	1.88	43	-99999
7	25	2000	68	0	67	78	58	3.84	48	-99999
7	26	2000	72.5	0.06	71.5	80	65	3.71	56	-99999
7	27	2000	73	0.01	76.5	81	65	1.52	57	-99999
7	28	2000	69.5	0.1	84	76	63	2.28	71	-99999
7	29	2000	71.5	0.003	79.5	79	64	4.43	62	-99999
7	30	2000	71	0.1	79	79	63	3.76	65	-99999
7	31	2000	73	0	72.5	83	63	3.13	52	-99999
8	1	2000	71.5	0.53	80	83	60	1.88	60	-99999
8	2	2000	70.5	0.003	81	81	60	2.73	65	-99999
8	3	2000	65.5	0	70	77	54	1.97	43	-99999
8	4	2000	69	0	69.5	80	58	1.97	42	-99999
8	5	2000	65.5	1.68	81.5	71	60	4.02	66	-99999
8	6	2000	75	0	75	86	64	2.5	50	-99999
8	7	2000	75	0	66	84	66	3.04	48	-99999
8	8	2000	77	0.003	73.5	83	71	2.77	56	-99999
8	9	2000	73	0	69	83	63	2.64	44	-99999
8	10	2000	71	0	70	83	59	1.52	43	-99999
8	11	2000	70	0	70.5	82	58	2.06	44	-99999
8	12	2000	68.5	0.15	74.5	82	55	2.91	53	-99999
8	13	2000	75	0.01	81	83	67	2.24	62	-99999
8	14	2000	75	0	81.5	85	65	3.13	63	-99999
8	15	2000	72.5	0	70	85	60	3.22	46	-99999
8	16	2000	63.5	0.03	69	76	51	2.37	45	-99999
8	17	2000	60	0.69	90.5	65	55	3.8	84	-99999
8	18	2000	64.5	0	75	74	55	2.46	50	-99999
8	19	2000	63	0	75	74	52	2.37	50	-99999
8	20	2000	63	0	73	73	53	3.76	53	-99999
8	21	2000	66	0	73.5	76	56	4.2	57	-99999
8	22	2000	68.5	0.03	87	77	60	2.06	77	-99999
8	23	2000	69	0	82	79	59	0.98	64	-99999
8	24	2000	69.5	0	73	83	56	0.85	46	-99999
8	25	2000	72.5	0	57	82	63	2.73	24	-99999
8	26	2000	71.5	0.82	79.5	80	63	1.65	62	-99999
8	27	2000	68.5	0	80.5	77	60	3.35	64	-99999
8	28	2000	72	0.003	79.5	81	63	4.43	62	-99999
8	29	2000	70	0.003	85.5	78	62	2.24	71	-99999
8	30	2000	67	0	91	77	57	3.58	82	-99999
8	31	2000	81	0	75.5	91	71	4.69	57	-99999
9	1	2000	80	0.003	74	92	68	4.25	54	-99999
9	2	2000	77.5	0	78	88	67	3.93	59	-99999
9	3	2000	73.5	0.34	80	82	65	4.02	67	-99999
9	4	2000	58	0	71	67	49	5.5	52	-99999
9	5	2000	57.5	0	70	68	47	3.62	47	-99999
9	6	2000	57	0	73	73	41	3	46	-99999
9	7	2000	69.5	0	72.5	82	57	3.31	55	-99999
9	8	2000	67.5	0.003	72	77	58	1.88	47	-99999
9	9	2000	73.5	0	77.5	83	64	4.6	58	-99999
9	10	2000	77.5	0.03	77.5	84	71	4.02	61	-99999
9	11	2000	69.5	1.71	90.5	77	62	5.5	84	-99999
9	12	2000	59	0	66.5	69	49	2.59	36	-99999
9	13	2000	62.5	0.03	70	77	48	2.91	40	-99999
9	14	2000	60.5	0.33	68.5	71	50	3.98	41	-99999
9	15	2000	51.5	0	69	61	42	2.95	41	-99999
9	16	2000	51.5	0	71.5	67	36	2.1	43	-99999
9	17	2000	64	0	59	77	51	2.32	22	-99999
9	18	2000	67.5	0.003	66	85	50	4.11	36	-99999
9	19	2000	66.5	0.28	72	74	59	4.2	48	-99999
9	20	2000	53	0.08	79	60	46	4.02	61	-99999
9	21	2000	52	0	67	61	43	2.5	41	-99999
9	22	2000	49	0.78	91.5	55	43	3.44	83	-99999
9	23	2000	54	0.01	91.5	58	50	3.22	83	-99999
9	24	2000	46	0	75.5	53	39	3.71	55	-99999
9	25	2000	48.5	0	69	61	36	1.88	42	-99999
9	26	2000	54	0	67.5	68	40	2.59	38	-99999
9	27	2000	53	0	77	64	42	2.91	58	-99999
9	28	2000	51	0	75.5	65	37	2.46	51	-99999
9	29	2000	62.5	0	53.5	74	51	5.14	33	-99999
9	30	2000	65.5	0	58	73	58	4.56	46	-99999
10	1	2000	68.5	0.01	56.5	77	60	5.19	42	-99999
10	2	2000	58	0	79.5	69	47	3.17	59	-99999
10	3	2000	54	0.21	72.5	66	42	1.97	45	-99999
10	4	2000	52.5	0	65.5	60	45	2.32	38	-99999
10	5	2000	47	0.19	79.5	54	40	2.59	62	-99999
10	6	2000	37	0	66	43	31	4.52	40	-99999
10	7	2000	37.5	0.003	61	46	29	4.52	40	-99999
10	8	2000	37	0	64	45	29	3.22	43	-99999
10	9	2000	41	0	53.5	56	26	2.41	25	-99999
10	10	2000	45	0	55	62	28	1.79	25	-99999
10	11	2000	47.5	0	53.5	65	30	1.16	22	-99999
10	12	2000	55	0	50	73	37	3.62	21	-99999
10	13	2000	65	0.003	40.5	76	54	4.38	19	-99999
10	14	2000	63	0.003	57	76	50	3	28	-99999
10	15	2000	49	0	86	57	41	1.43	72	-99999
10	16	2000	46	0	79.5	56	36	0.63	59	-99999
10	17	2000	46.5	0.03	77	59	34	0.76	58	-99999
10	18	2000	55.5	0	67.5	71	40	1.21	38	-99999
10	19	2000	57.5	0	66.5	77	38	2.77	33	-99999
10	20	2000	61.5	0	65	76	47	2.95	40	-99999
10	21	2000	53	0	67.5	68	38	3.04	39	-99999
10	22	2000	54.5	0.003	76	70	39	2.64	55	-99999
10	23	2000	61	0.23	91.5	64	58	1.83	83	-99999
10	24	2000	63.5	0	83	71	56	0.94	66	-99999
10	25	2000	61	0.003	92	64	58	4.11	84	-99999
10	26	2000	66	0	75.5	72	60	4.34	61	-99999
10	27	2000	53.5	0.01	84	63	44	4.11	75	-99999
10	28	2000	44	0	75	53	35	4.11	57	-99999
10	29	2000	44	0	68.5	57	31	3.76	37	-99999
10	30	2000	48	0	63.5	63	33	4.2	34	-99999
10	31	2000	55.5	0	66	70	41	2.1	51	-99999
11	1	2000	62	0.003	62.5	74	50	5.28	55	-99999
11	2	2000	57.5	0.01	64	66	49	4.11	41	-99999
11	3	2000	44	0	67	52	36	3.35	48	-99999
11	4	2000	45.5	0	59.5	57	34	2.46	33	-99999
11	5	2000	47	0	58	61	33	5.19	31	-99999
11	6	2000	48.5	1.07	71	51	46	8.05	46	-99999
11	7	2000	45	0.07	80.5	54	36	6.04	64	-99999
11	8	2000	36.5	0.03	73	40	33	3.35	57	-99999
11	9	2000	33	0.19	89	35	31	4.34	82	-99999
11	10	2000	35.5	0	76	41	30	3.76	67	-99999
11	11	2000	34	0	79	43	25	1.34	62	-99999
11	12	2000	41.5	0.01	81	43	40	4.02	65	-99999
11	13	2000	34.5	0.01	81.5	41	28	3.89	70	-99999
11	14	2000	30	0.02	81.5	33	27	4.6	67	-99999
11	15	2000	29.5	0	68	38	21	3.76	48	-99999
11	16	2000	33	0.34	82.5	38	28	3.08	65	-99999
11	17	2000	25	0.003	77.5	28	22	3.67	66	-99999
11	18	2000	25	0.01	71.5	28	22	4.16	65	-99999
11	19	2000	28.5	0.01	80	35	22	5.32	71	-99999
11	20	2000	21	0.02	72.5	26	16	4.92	60	-99999
11	21	2000	14.5	0.003	66.5	20	9	3.31	52	-99999
11	22	2000	18	0	72	24	12	1.88	60	-99999
11	23	2000	25	0	67.5	33	17	2.28	54	-99999
11	24	2000	33	0	65	45	21	1.52	45	-99999
11	25	2000	31.5	0.003	78.5	40	23	2.1	65	-99999
11	26	2000	35.5	0.02	84	38	33	2.64	76	-99999
11	27	2000	32	0.003	84	36	28	2.68	76	-99999
11	28	2000	33.5	0.09	83	38	29	2.95	70	-99999
11	29	2000	34.5	0.1	91.5	36	33	2.41	86	-99999
11	30	2000	33.5	0.003	84	37	30	1.88	72	-99999
12	1	2000	27.5	0.08	83.5	32	23	4.78	71	-99999
12	2	2000	23.5	0.003	76	32	15	2.37	56	-99999
12	3	2000	22	0	74	34	10	3.17	56	-99999
12	4	2000	29	0.003	68	35	23	5.19	60	-99999
12	5	2000	14	0.003	55	23	5	4.25	44	-99999
12	6	2000	10.5	0.02	67.5	18	3	2.5	54	-99999
12	7	2000	20	0.04	88	25	15	2.95	84	-99999
12	8	2000	11.5	0.003	70	21	2	2.73	52	-99999
12	9	2000	14	0.05	83	28	0	3.98	74	-99999
12	10	2000	17	0.07	78	30	4	3	60	-99999
12	11	2000	7	0.13	75.5	12	2	6.44	63	-99999
12	12	2000	1	0.003	73	9	-7	2.46	63	-99999
12	13	2000	1	0.06	77	11	-9	1.56	66	-99999
12	14	2000	15.5	0.003	81	22	9	2.5	70	-99999
12	15	2000	19	0.07	88	25	13	4.6	80	-99999
12	16	2000	22	0.04	83.5	31	13	3.71	71	-99999
12	17	2000	5.5	0.003	68.5	13	-2	4.07	60	-99999
12	18	2000	5.5	0.26	78.5	13	-2	1.7	69	-99999
12	19	2000	9	0.01	75	20	-2	3.44	62	-99999
12	20	2000	4.5	0.19	83.5	14	-5	3.04	79	-99999
12	21	2000	3	0.01	74	14	-8	3.84	60	-99999
12	22	2000	1	0.003	71	10	-8	2.41	60	-99999
12	23	2000	6.5	0.13	81	15	-2	3.13	74	-99999
12	24	2000	-1	0.003	74	12	-14	2.68	61	-99999
12	25	2000	-6	0	72.5	9	-21	1.03	63	-99999
12	26	2000	14.5	0.003	74	20	9	3	64	-99999
12	27	2000	0	0.003	77	14	-14	1.97	67	-99999
12	28	2000	0.5	0.11	81	16	-15	1.39	70	-99999
12	29	2000	19	0.12	86.5	23	15	5.36	81	-99999
12	30	2000	18.5	0.003	82	27	10	4.34	72	-99999
12	31	2000	11	0.003	86.5	22	0	1.97	81	-99999
