Month	Day	Year	TAVG (F)	Precipitation (in)	Avg Rel Hum (%)	TMAX (F)	TMIN (F)	WINDVEL (m/sec)	Min Rel Hum (%)	Sunshine
1 1 2000 37.49 0 -9999 48.92 26.06 2 -9999 -9999 
1 2 2000 40.55 0 -9999 55.04 26.06 2 -9999 -9999 
1 3 2000 57.47 0.1692913 -9999 64.94 50 2 -9999 -9999 
1 4 2000 52.52 2.208661 -9999 57.02 48.02 2 -9999 -9999 
1 5 2000 38.48 0.03149606 -9999 50 26.96 2 -9999 -9999 
1 6 2000 28.49 0 -9999 33.98 23 2 -9999 -9999 
1 7 2000 34.07 0 -9999 42.08 26.06 2 -9999 -9999 
1 8 2000 29.48 0 -9999 39.92 19.04 2 -9999 -9999 
1 9 2000 30.47 0 -9999 39.92 21.02 2 -9999 -9999 
1 10 2000 39.56 0 -9999 46.04 33.08 2 -9999 -9999 
1 11 2000 46.04 0.1496063 -9999 55.04 37.04 2 -9999 -9999 
1 12 2000 33.98 0 -9999 42.98 24.98 2 -9999 -9999 
1 13 2000 35.51 0.05905512 -9999 44.06 26.96 2 -9999 -9999 
1 14 2000 21.47 0.01181102 -9999 32 10.94 2 -9999 -9999 
1 15 2000 17.51 0 -9999 24.08 10.94 2 -9999 -9999 
1 16 2000 32 0 -9999 48.02 15.98 2 -9999 -9999 
1 17 2000 28.04 0 -9999 46.04 10.04 2 -9999 -9999 
1 18 2000 18.05 0 -9999 26.06 10.04 2 -9999 -9999 
1 19 2000 21.02 0 -9999 26.06 15.98 2 -9999 -9999 
1 20 2000 23.99 0.1889764 -9999 30.02 17.96 2 -9999 -9999 
1 21 2000 14.54 0 -9999 26.06 3.02 2 -9999 -9999 
1 22 2000 5.99 0 -9999 17.06 -5.08 2 -9999 -9999 
1 23 2000 6.44 0.03937008 -9999 19.94 -7.06 2 -9999 -9999 
1 24 2000 17.51 0 -9999 30.02 5 2 -9999 -9999 
1 25 2000 14 0 -9999 26.06 1.94 2 -9999 -9999 
1 26 2000 12.02 0 -9999 21.02 3.02 2 -9999 -9999 
1 27 2000 12.02 0 -9999 21.02 3.02 2 -9999 -9999 
1 28 2000 7.52 0 -9999 17.96 -2.92 2 -9999 -9999 
1 29 2000 13.55 0 -9999 30.02 -2.92 2 -9999 -9999 
1 30 2000 21.56 0.09055118 -9999 33.08 10.04 2 -9999 -9999 
1 31 2000 25.97 0 -9999 33.98 17.96 2 -9999 -9999 
2 1 2000 24.53 0.01181102 -9999 30.02 19.04 2 -9999 -9999 
2 2 2000 20.93 0 -9999 28.94 12.92 2 -9999 -9999 
2 3 2000 23 0 -9999 32 14 2 -9999 -9999 
2 4 2000 29.03 0.09055118 -9999 33.08 24.98 2 -9999 -9999 
2 5 2000 23.99 0 -9999 32 15.98 2 -9999 -9999 
2 6 2000 23.54 0 -9999 33.08 14 2 -9999 -9999 
2 7 2000 24.98 0 -9999 32 17.96 2 -9999 -9999 
2 8 2000 25.97 0 -9999 39.92 12.02 2 -9999 -9999 
2 9 2000 26.51 0 -9999 39.02 14 2 -9999 -9999 
2 10 2000 39.92 0 -9999 48.92 30.92 2 -9999 -9999 
2 11 2000 40.46 0.2795276 -9999 50 30.92 2 -9999 -9999 
2 12 2000 24.53 0 -9999 32 17.06 2 -9999 -9999 
2 13 2000 26.96 0 -9999 35.96 17.96 2 -9999 -9999 
2 14 2000 35.51 0 -9999 44.06 26.96 2 -9999 -9999 
2 15 2000 28.04 0.03937008 -9999 32 24.08 2 -9999 -9999 
2 16 2000 34.52 0 -9999 44.96 24.08 2 -9999 -9999 
2 17 2000 31.01 0 -9999 42.98 19.04 2 -9999 -9999 
2 18 2000 28.04 0.2007874 -9999 35.06 21.02 2 -9999 -9999 
2 19 2000 30.47 0.4094488 -9999 35.96 24.98 2 -9999 -9999 
2 20 2000 29.03 0 -9999 32 26.06 2 -9999 -9999 
2 21 2000 28.49 0 -9999 33.98 23 2 -9999 -9999 
2 22 2000 35.51 0 -9999 48.02 23 2 -9999 -9999 
2 23 2000 48.02 0 -9999 57.02 39.02 2 -9999 -9999 
2 24 2000 54.05 0 -9999 64.04 44.06 2 -9999 -9999 
2 25 2000 58.55 0 -9999 64.04 53.06 2 -9999 -9999 
2 26 2000 61.97 0 -9999 71.96 51.98 2 -9999 -9999 
2 27 2000 63.05 0.01181102 -9999 75.02 51.08 2 -9999 -9999 
2 28 2000 43.97 0.03937008 -9999 57.02 30.92 2 -9999 -9999 
2 29 2000 41 0 -9999 53.06 28.94 2 -9999 -9999 
3 1 2000 47.03 0.01181102 -9999 60.08 33.98 2 -9999 -9999 
3 2 2000 48.02 0.03149606 -9999 60.98 35.06 2 -9999 -9999 
3 3 2000 31.46 0 -9999 37.94 24.98 2 -9999 -9999 
3 4 2000 38.03 0 -9999 50 26.06 2 -9999 -9999 
3 5 2000 41.99 0 -9999 55.94 28.04 2 -9999 -9999 
3 6 2000 46.58 0 -9999 60.08 33.08 2 -9999 -9999 
3 7 2000 46.04 0 -9999 66.02 26.06 2 -9999 -9999 
3 8 2000 60.53 0 -9999 75.02 46.04 2 -9999 -9999 
3 9 2000 67.01 0 -9999 78.98 55.04 2 -9999 -9999 
3 10 2000 54.05 0 -9999 73.04 35.06 2 -9999 -9999 
3 11 2000 35.96 0.5 -9999 44.96 26.96 2 -9999 -9999 
3 12 2000 30.02 0.01181102 -9999 35.06 24.98 2 -9999 -9999 
3 13 2000 28.94 0 -9999 35.96 21.92 2 -9999 -9999 
3 14 2000 35.51 0 -9999 44.06 26.96 2 -9999 -9999 
3 15 2000 46.94 0 -9999 55.94 37.94 2 -9999 -9999 
3 16 2000 58.55 0 -9999 69.08 48.02 2 -9999 -9999 
3 17 2000 40.01 0.4685039 -9999 53.06 26.96 2 -9999 -9999 
3 18 2000 26.06 0 -9999 35.06 17.06 2 -9999 -9999 
3 19 2000 33.53 0.03149606 -9999 46.04 21.02 2 -9999 -9999 
3 20 2000 40.46 0.2598425 -9999 48.92 32 2 -9999 -9999 
3 21 2000 41.99 0.8818898 -9999 44.96 39.02 2 -9999 -9999 
3 22 2000 43.97 0 -9999 48.02 39.92 2 -9999 -9999 
3 23 2000 47.57 0 -9999 53.06 42.08 2 -9999 -9999 
3 24 2000 52.97 0 -9999 62.96 42.98 2 -9999 -9999 
3 25 2000 59.99 0 -9999 73.04 46.94 2 -9999 -9999 
3 26 2000 57.02 0 -9999 73.04 41 2 -9999 -9999 
3 27 2000 51.53 0.07086614 -9999 60.08 42.98 2 -9999 -9999 
3 28 2000 44.51 0.07874016 -9999 55.04 33.98 2 -9999 -9999 
3 29 2000 39.47 0.2598425 -9999 44.96 33.98 2 -9999 -9999 
3 30 2000 41.45 0 -9999 51.98 30.92 2 -9999 -9999 
3 31 2000 42.98 0 -9999 51.98 33.98 2 -9999 -9999 
4 1 2000 49.01 0 -9999 62.06 35.96 2 -9999 -9999 
4 2 2000 51.44 0.3110236 -9999 66.92 35.96 2 -9999 -9999 
4 3 2000 52.52 0.5 -9999 59 46.04 2 -9999 -9999 
4 4 2000 54.5 0.6181102 -9999 66.02 42.98 2 -9999 -9999 
4 5 2000 36.5 0 -9999 44.96 28.04 2 -9999 -9999 
4 6 2000 45.95 0 -9999 57.92 33.98 2 -9999 -9999 
4 7 2000 52.43 0.07086614 -9999 64.94 39.92 2 -9999 -9999 
4 8 2000 48.02 1.909449 -9999 51.98 44.06 2 -9999 -9999 
4 9 2000 39.02 0.0511811 -9999 48.02 30.02 2 -9999 -9999 
4 10 2000 41.54 0 -9999 50 33.08 2 -9999 -9999 
4 11 2000 43.97 0 -9999 50 37.94 2 -9999 -9999 
4 12 2000 39.47 0.05905512 -9999 48.02 30.92 2 -9999 -9999 
4 13 2000 38.03 0 -9999 46.04 30.02 2 -9999 -9999 
4 14 2000 48.02 0 -9999 59 37.04 2 -9999 -9999 
4 15 2000 59 0 -9999 71.96 46.04 2 -9999 -9999 
4 16 2000 67.46 0 -9999 77 57.92 2 -9999 -9999 
4 17 2000 64.04 0.2401575 -9999 75.02 53.06 2 -9999 -9999 
4 18 2000 54.05 0.09055118 -9999 64.04 44.06 2 -9999 -9999 
4 19 2000 48.02 0 -9999 51.08 44.96 2 -9999 -9999 
4 20 2000 58.01 0.03149606 -9999 69.08 46.94 2 -9999 -9999 
4 21 2000 62.06 0.1811024 -9999 78.08 46.04 2 -9999 -9999 
4 22 2000 45.05 0.03149606 -9999 48.02 42.08 2 -9999 -9999 
4 23 2000 45.05 0 -9999 48.02 42.08 2 -9999 -9999 
4 24 2000 52.52 0 -9999 59 46.04 2 -9999 -9999 
4 25 2000 53.96 0 -9999 68 39.92 2 -9999 -9999 
4 26 2000 50 0 -9999 64.04 35.96 2 -9999 -9999 
4 27 2000 48.47 0 -9999 59 37.94 2 -9999 -9999 
4 28 2000 50.54 0 -9999 60.08 41 2 -9999 -9999 
4 29 2000 56.48 0 -9999 68 44.96 2 -9999 -9999 
4 30 2000 55.49 0 -9999 69.98 41 2 -9999 -9999 
5 1 2000 58.46 0 -9999 69.98 46.94 2 -9999 -9999 
5 2 2000 58.01 0.9291339 -9999 73.04 42.98 2 -9999 -9999 
5 3 2000 55.49 0 -9999 64.94 46.04 2 -9999 -9999 
5 4 2000 64.49 0 -9999 75.02 53.96 2 -9999 -9999 
5 5 2000 67.46 0 -9999 77 57.92 2 -9999 -9999 
5 6 2000 70.97 0 -9999 80.96 60.98 2 -9999 -9999 
5 7 2000 74.93 0 -9999 84.92 64.94 2 -9999 -9999 
5 8 2000 73.49 0.5787402 -9999 84.02 62.96 2 -9999 -9999 
5 9 2000 71.06 0 -9999 82.04 60.08 2 -9999 -9999 
5 10 2000 68.54 0.2598425 -9999 80.06 57.02 2 -9999 -9999 
5 11 2000 55.94 0 -9999 64.94 46.94 2 -9999 -9999 
5 12 2000 63.95 0 -9999 71.96 55.94 2 -9999 -9999 
5 13 2000 73.94 0 -9999 84.92 62.96 2 -9999 -9999 
5 14 2000 58.01 0.03149606 -9999 73.04 42.98 2 -9999 -9999 
5 15 2000 52.07 0 -9999 62.06 42.08 2 -9999 -9999 
5 16 2000 51.98 0 -9999 64.94 39.02 2 -9999 -9999 
5 17 2000 49.55 0 -9999 69.08 30.02 2 -9999 -9999 
5 18 2000 67.01 0.01181102 -9999 77 57.02 2 -9999 -9999 
5 19 2000 68.99 0.8503937 -9999 80.96 57.02 2 -9999 -9999 
5 20 2000 61.43 0.07086614 -9999 75.92 46.94 2 -9999 -9999 
5 21 2000 52.97 0 -9999 57.92 48.02 2 -9999 -9999 
5 22 2000 59.54 0 -9999 66.02 53.06 2 -9999 -9999 
5 23 2000 64.04 0.03937008 -9999 71.06 57.02 2 -9999 -9999 
5 24 2000 64.49 0.7283465 -9999 71.06 57.92 2 -9999 -9999 
5 25 2000 66.02 0.0984252 -9999 80.06 51.98 2 -9999 -9999 
5 26 2000 59.45 0 -9999 71.96 46.94 2 -9999 -9999 
5 27 2000 64.49 0 -9999 75.02 53.96 2 -9999 -9999 
5 28 2000 59.45 0.9606299 -9999 64.94 53.96 2 -9999 -9999 
5 29 2000 55.58 0.3188976 -9999 60.08 51.08 2 -9999 -9999 
5 30 2000 57.47 0 -9999 66.02 48.92 2 -9999 -9999 
5 31 2000 63.95 0 -9999 71.96 55.94 2 -9999 -9999 
6 1 2000 74.48 0 -9999 84.02 64.94 2 -9999 -9999 
6 2 2000 77 0 -9999 87.08 66.92 2 -9999 -9999 
6 3 2000 68 0.1299213 -9999 86 50 2 -9999 -9999 
6 4 2000 55.94 0 -9999 64.94 46.94 2 -9999 -9999 
6 5 2000 60.53 0 -9999 68 53.06 2 -9999 -9999 
6 6 2000 58.01 0.2401575 -9999 64.94 51.08 2 -9999 -9999 
6 7 2000 52.97 0 -9999 62.96 42.98 2 -9999 -9999 
6 8 2000 65.93 0 -9999 75.92 55.94 2 -9999 -9999 
6 9 2000 69.53 0 -9999 80.06 59 2 -9999 -9999 
6 10 2000 75.56 0 -9999 87.08 64.04 2 -9999 -9999 
6 11 2000 77.54 0 -9999 87.08 68 2 -9999 -9999 
6 12 2000 75.02 0.4606299 -9999 86 64.04 2 -9999 -9999 
6 13 2000 75.02 0.2992126 -9999 84.02 66.02 2 -9999 -9999 
6 14 2000 77 0 -9999 86 68 2 -9999 -9999 
6 15 2000 77.54 0.01181102 -9999 87.08 68 2 -9999 -9999 
6 16 2000 72.95 0 -9999 78.98 66.92 2 -9999 -9999 
6 17 2000 73.49 1.389764 -9999 82.94 64.04 2 -9999 -9999 
6 18 2000 70.97 0.03937008 -9999 77 64.94 2 -9999 -9999 
6 19 2000 61.52 0.03149606 -9999 71.96 51.08 2 -9999 -9999 
6 20 2000 65.93 0 -9999 75.92 55.94 2 -9999 -9999 
6 21 2000 73.49 0 -9999 82.04 64.94 2 -9999 -9999 
6 22 2000 73.49 0 -9999 82.94 64.04 2 -9999 -9999 
6 23 2000 73.49 0 -9999 82.94 64.04 2 -9999 -9999 
6 24 2000 73.49 0 -9999 84.02 62.96 2 -9999 -9999 
6 25 2000 77.54 0.07086614 -9999 87.08 68 2 -9999 -9999 
6 26 2000 70.52 0 -9999 78.08 62.96 2 -9999 -9999 
6 27 2000 74.48 0.7007874 -9999 86 62.96 2 -9999 -9999 
6 28 2000 69.53 0 -9999 78.98 60.08 2 -9999 -9999 
6 29 2000 66.92 0 -9999 75.92 57.92 2 -9999 -9999 
6 30 2000 64.94 0 -9999 75.92 53.96 2 -9999 -9999 
7 1 2000 66.02 0 -9999 77 55.04 2 -9999 -9999 
7 2 2000 68.54 0 -9999 80.06 57.02 2 -9999 -9999 
7 3 2000 72.05 0.4094488 -9999 80.06 64.04 2 -9999 -9999 
7 4 2000 70.97 0.4488189 -9999 75.02 66.92 2 -9999 -9999 
7 5 2000 72.95 0 -9999 82.94 62.96 2 -9999 -9999 
7 6 2000 70.52 0 -9999 80.96 60.08 2 -9999 -9999 
7 7 2000 68.54 0 -9999 80.06 57.02 2 -9999 -9999 
7 8 2000 65.48 0 -9999 75.92 55.04 2 -9999 -9999 
7 9 2000 68.99 0 -9999 78.98 59 2 -9999 -9999 
7 10 2000 75.47 0.03937008 -9999 84.92 66.02 2 -9999 -9999 
7 11 2000 71.51 0.5905512 -9999 78.98 64.04 2 -9999 -9999 
7 12 2000 68.99 0 -9999 80.96 57.02 2 -9999 -9999 
7 13 2000 70.52 0 -9999 80.06 60.98 2 -9999 -9999 
7 14 2000 71.96 0 -9999 82.94 60.98 2 -9999 -9999 
7 15 2000 69.44 0.9212598 -9999 80.96 57.92 2 -9999 -9999 
7 16 2000 70.97 0 -9999 84.02 57.92 1.134259 -9999 -9999 
7 17 2000 71.42 0.01968504 -9999 75.92 66.92 2 -9999 -9999 
7 18 2000 73.94 0 -9999 82.94 64.94 2 -9999 -9999 
7 19 2000 68.54 0 -9999 80.06 57.02 2 -9999 -9999 
7 20 2000 59.99 0.1496063 -9999 64.94 55.04 2 -9999 -9999 
7 21 2000 67.55 0 -9999 75.02 60.08 2 -9999 -9999 
7 22 2000 67.01 0.07086614 -9999 77 57.02 2 -9999 -9999 
7 23 2000 65.48 0 -9999 75.02 55.94 2 -9999 -9999 
7 24 2000 66.02 0 -9999 77 55.04 2 -9999 -9999 
7 25 2000 67.01 0 -9999 77 57.02 2 -9999 -9999 
7 26 2000 70.07 0 -9999 80.06 60.08 2 -9999 -9999 
7 27 2000 71.96 0 -9999 80.96 62.96 2 -9999 -9999 
7 28 2000 74.03 0.1496063 -9999 84.02 64.04 2 -9999 -9999 
7 29 2000 73.49 0.1496063 -9999 84.02 62.96 2 -9999 -9999 
7 30 2000 70.43 0.7992126 -9999 75.92 64.94 2 -9999 -9999 
7 31 2000 73.94 0 -9999 80.96 66.92 2 -9999 -9999 
8 1 2000 72.5 0 -9999 80.06 64.94 2 -9999 -9999 
8 2 2000 73.94 0 -9999 82.94 64.94 2 -9999 -9999 
8 3 2000 75.47 0 -9999 84.92 66.02 2 -9999 -9999 
8 4 2000 69.44 0 -9999 80.96 57.92 2 -9999 -9999 
8 5 2000 64.49 0 -9999 77 51.98 2 -9999 -9999 
8 6 2000 68 0.3110236 -9999 78.08 57.92 2 -9999 -9999 
8 7 2000 73.04 0.4488189 -9999 84.02 62.06 2 -9999 -9999 
8 8 2000 67.01 0 -9999 82.94 51.08 2 -9999 -9999 
8 9 2000 65.57 0 -9999 80.06 51.08 2 -9999 -9999 
8 10 2000 71.06 0 -9999 78.08 64.04 2 -9999 -9999 
8 11 2000 72.05 0 -9999 82.04 62.06 2 -9999 -9999 
8 12 2000 68.45 0 -9999 78.98 57.92 2 -9999 -9999 
8 13 2000 66.47 0 -9999 75.92 57.02 2 -9999 -9999 
8 14 2000 68.45 0 -9999 78.98 57.92 2 -9999 -9999 
8 15 2000 69.53 0 -9999 82.04 57.02 2 -9999 -9999 
8 16 2000 76.46 0 -9999 84.92 68 2 -9999 -9999 
8 17 2000 67.46 0 -9999 78.98 55.94 2 -9999 -9999 
8 18 2000 59.99 0.9212598 -9999 64.94 55.04 2 -9999 -9999 
8 19 2000 65.93 0.01968504 -9999 73.94 57.92 2 -9999 -9999 
8 20 2000 63.95 0 -9999 75.92 51.98 2 -9999 -9999 
8 21 2000 60.44 0 -9999 71.96 48.92 2 -9999 -9999 
8 22 2000 67.01 0 -9999 78.08 55.94 2 -9999 -9999 
8 23 2000 73.94 0.3110236 -9999 82.94 64.94 2 -9999 -9999 
8 24 2000 68.54 2.488189 -9999 80.06 57.02 2 -9999 -9999 
8 25 2000 70.07 0 -9999 80.06 60.08 2 -9999 -9999 
8 26 2000 68.99 0 -9999 80.06 57.92 2 -9999 -9999 
8 27 2000 70.07 0.4015748 -9999 80.06 60.08 2 -9999 -9999 
8 28 2000 69.08 0 -9999 78.08 60.08 2 -9999 -9999 
8 29 2000 68 0 -9999 77 59 2 -9999 -9999 
8 30 2000 70.52 0 -9999 82.04 59 2 -9999 -9999 
8 31 2000 76.01 0 -9999 82.94 69.08 2 -9999 -9999 
9 1 2000 75.92 0 -9999 84.92 66.92 2 -9999 -9999 
9 2 2000 78.08 0 -9999 87.08 69.08 2 -9999 -9999 
9 3 2000 77.54 0 -9999 86 69.08 2 -9999 -9999 
9 4 2000 77.54 0 -9999 86 69.08 2 -9999 -9999 
9 5 2000 62.96 0 -9999 75.92 50 2 -9999 -9999 
9 6 2000 57.02 0 -9999 68 46.04 2 -9999 -9999 
9 7 2000 60.44 0 -9999 71.96 48.92 2 -9999 -9999 
9 8 2000 66.47 0 -9999 77 55.94 2 -9999 -9999 
9 9 2000 71.06 0 -9999 80.06 62.06 2 -9999 -9999 
9 10 2000 74.03 0 -9999 82.04 66.02 2 -9999 -9999 
9 11 2000 74.03 0.4685039 -9999 80.06 68 2 -9999 -9999 
9 12 2000 73.04 0.01968504 -9999 80.06 66.02 2 -9999 -9999 
9 13 2000 67.01 0.8110236 -9999 75.02 59 2 -9999 -9999 
9 14 2000 64.49 0 -9999 75.02 53.96 2 -9999 -9999 
9 15 2000 62.51 0 -9999 75.02 50 2 -9999 -9999 
9 16 2000 53.96 0 -9999 62.96 44.96 2 -9999 -9999 
9 17 2000 52.52 0 -9999 62.96 42.08 2 -9999 -9999 
9 18 2000 59 0 -9999 71.06 46.94 2 -9999 -9999 
9 19 2000 63.5 0 -9999 75.02 51.98 2 -9999 -9999 
9 20 2000 67.55 0 -9999 78.08 57.02 2 -9999 -9999 
9 21 2000 66.56 0.8700787 -9999 82.04 51.08 2 -9999 -9999 
9 22 2000 55.49 0 -9999 66.02 44.96 2 -9999 -9999 
9 23 2000 62.42 0 -9999 75.92 48.92 2 -9999 -9999 
9 24 2000 62.51 0.9212598 -9999 69.98 55.04 2 -9999 -9999 
9 25 2000 52.97 0 -9999 60.98 44.96 2 -9999 -9999 
9 26 2000 48.56 0.4291339 -9999 53.06 44.06 2 -9999 -9999 
9 27 2000 49.46 0 -9999 60.98 37.94 2 -9999 -9999 
9 28 2000 56.03 0 -9999 68 44.06 2 -9999 -9999 
9 29 2000 48.02 0 -9999 60.08 35.96 2 -9999 -9999 
9 30 2000 59.54 0 -9999 78.08 41 2 -9999 -9999 
10 1 2000 59.99 0 -9999 71.96 48.02 2 -9999 -9999 
10 2 2000 62.51 0 -9999 73.94 51.08 2 -9999 -9999 
10 3 2000 68.45 0 -9999 78.98 57.92 2 -9999 -9999 
10 4 2000 69.53 0 -9999 78.98 60.08 2 -9999 -9999 
10 5 2000 64.04 0.5787402 -9999 75.02 53.06 2 -9999 -9999 
10 6 2000 59.54 1.251969 -9999 66.02 53.06 2 -9999 -9999 
10 7 2000 45.5 0 -9999 57.02 33.98 2 -9999 -9999 
10 8 2000 39.47 0 -9999 46.94 32 2 -9999 -9999 
10 9 2000 39.02 0.1102362 -9999 46.04 32 2 -9999 -9999 
10 10 2000 39.92 0 -9999 48.92 30.92 2 -9999 -9999 
10 11 2000 49.01 0 -9999 62.06 35.96 2 -9999 -9999 
10 12 2000 52.52 0 -9999 68 37.04 2 -9999 -9999 
10 13 2000 55.49 0 -9999 69.98 41 2 -9999 -9999 
10 14 2000 58.01 0 -9999 71.06 44.96 2 -9999 -9999 
10 15 2000 63.5 0.05905512 -9999 77 50 2 -9999 -9999 
10 16 2000 62.51 0.03937008 -9999 71.96 53.06 2 -9999 -9999 
10 17 2000 59.99 0.01968504 -9999 66.92 53.06 2 -9999 -9999 
10 18 2000 54.5 0.1614173 -9999 59 50 2 -9999 -9999 
10 19 2000 53.51 0 -9999 62.06 44.96 2 -9999 -9999 
10 20 2000 57.47 0 -9999 69.98 44.96 2 -9999 -9999 
10 21 2000 59.99 0 -9999 71.96 48.02 2 -9999 -9999 
10 22 2000 61.43 0 -9999 73.94 48.92 2 -9999 -9999 
10 23 2000 62.51 0 -9999 73.94 51.08 2 -9999 -9999 
10 24 2000 64.49 0.1889764 -9999 75.92 53.06 2 -9999 -9999 
10 25 2000 59.99 0.03937008 -9999 64.04 55.94 2 -9999 -9999 
10 26 2000 62.51 0 -9999 69.98 55.04 2 -9999 -9999 
10 27 2000 63.5 0 -9999 75.02 51.98 2 -9999 -9999 
10 28 2000 63.05 0 -9999 78.08 48.02 2 -9999 -9999 
10 29 2000 43.97 0 -9999 55.94 32 2 -9999 -9999 
10 30 2000 43.97 0 -9999 55.94 32 2 -9999 -9999 
10 31 2000 46.58 0 -9999 60.08 33.08 2 -9999 -9999 
11 1 2000 49.55 0 -9999 62.06 37.04 2 -9999 -9999 
11 2 2000 53.51 0 -9999 64.94 42.08 2 -9999 -9999 
11 3 2000 58.55 0.07874016 -9999 69.08 48.02 2 -9999 -9999 
11 4 2000 57.02 0 -9999 69.08 44.96 2 -9999 -9999 
11 5 2000 47.03 0 -9999 57.02 37.04 2 -9999 -9999 
11 6 2000 44.06 0 -9999 53.06 35.06 2 -9999 -9999 
11 7 2000 47.93 0.1614173 -9999 57.92 37.94 2 -9999 -9999 
11 8 2000 53.51 0 -9999 62.06 44.96 2 -9999 -9999 
11 9 2000 58.01 0.0984252 -9999 64.04 51.98 2 -9999 -9999 
11 10 2000 54.95 0.4488189 -9999 66.92 42.98 2 -9999 -9999 
11 11 2000 44.51 0 -9999 46.04 42.98 2 -9999 -9999 
11 12 2000 41.99 0 -9999 46.94 37.04 2 -9999 -9999 
11 13 2000 39.02 0 -9999 44.06 33.98 2 -9999 -9999 
11 14 2000 38.48 0.05905512 -9999 48.92 28.04 2 -9999 -9999 
11 15 2000 33.44 0 -9999 37.94 28.94 2 -9999 -9999 
11 16 2000 34.52 0 -9999 42.08 26.96 2 -9999 -9999 
11 17 2000 38.48 0 -9999 46.94 30.02 2 -9999 -9999 
11 18 2000 31.01 0 -9999 33.98 28.04 2 -9999 -9999 
11 19 2000 29.03 0 -9999 32 26.06 2 -9999 -9999 
11 20 2000 34.97 0 -9999 41 28.94 2 -9999 -9999 
11 21 2000 26.06 0 -9999 33.08 19.04 2 -9999 -9999 
11 22 2000 18.05 0 -9999 26.06 10.04 2 -9999 -9999 
11 23 2000 20.03 0 -9999 30.02 10.04 2 -9999 -9999 
11 24 2000 23.99 0 -9999 32 15.98 2 -9999 -9999 
11 25 2000 34.07 0 -9999 44.06 24.08 2 -9999 -9999 
11 26 2000 38.48 0.3503937 -9999 44.96 32 2 -9999 -9999 
11 27 2000 40.01 0.07086614 -9999 44.96 35.06 2 -9999 -9999 
11 28 2000 35.96 0 -9999 41 30.92 2 -9999 -9999 
11 29 2000 33.53 0 -9999 39.02 28.04 2 -9999 -9999 
11 30 2000 32.54 0.1102362 -9999 37.04 28.04 2 -9999 -9999 
12 1 2000 35.51 0 -9999 41 30.02 2 -9999 -9999 
12 2 2000 28.94 0 -9999 35.96 21.92 2 -9999 -9999 
12 3 2000 23.54 0 -9999 32 15.08 2 -9999 -9999 
12 4 2000 24.53 0 -9999 33.98 15.08 2 -9999 -9999 
12 5 2000 26.51 0 -9999 35.96 17.06 2 -9999 -9999 
12 6 2000 22.01 0 -9999 33.08 10.94 2 -9999 -9999 
12 7 2000 17.51 0.01968504 -9999 24.08 10.94 2 -9999 -9999 
12 8 2000 26.96 0.07086614 -9999 33.98 19.94 2 -9999 -9999 
12 9 2000 25.07 0 -9999 35.06 15.08 2 -9999 -9999 
12 10 2000 22.01 0 -9999 28.94 15.08 2 -9999 -9999 
12 11 2000 31.01 0.01968504 -9999 35.96 26.06 2 -9999 -9999 
12 12 2000 36.5 0.480315 -9999 50 23 2 -9999 -9999 
12 13 2000 22.01 0 -9999 28.94 15.08 2 -9999 -9999 
12 14 2000 24.98 0.488189 -9999 33.98 15.98 2 -9999 -9999 
12 15 2000 28.49 0 -9999 33.98 23 2 -9999 -9999 
12 16 2000 32 0.03937008 -9999 41 23 2 -9999 -9999 
12 17 2000 38.48 2 -9999 51.98 24.98 2 -9999 -9999 
12 18 2000 17.96 0.01181102 -9999 28.94 6.98 2 -9999 -9999 
12 19 2000 16.52 0.07874016 -9999 26.06 6.98 2 -9999 -9999 
12 20 2000 16.52 0 -9999 24.98 8.06 2 -9999 -9999 
12 21 2000 15.98 0 -9999 19.94 12.02 2 -9999 -9999 
12 22 2000 14 0.01181102 -9999 28.04 -0.04 2 -9999 -9999 
12 23 2000 3.47 0 -9999 8.96 -2.02 2 -9999 -9999 
12 24 2000 11.57 0 -9999 24.08 -0.94 2 -9999 -9999 
12 25 2000 11.48 0 -9999 23 -0.04 2 -9999 -9999 
12 26 2000 10.49 0 -9999 21.02 -0.04 2 -9999 -9999 
12 27 2000 11.48 0.01181102 -9999 19.94 3.02 2 -9999 -9999 
12 28 2000 14 0 -9999 23 5 2 -9999 -9999 
12 29 2000 13.01 0 -9999 19.94 6.08 2 -9999 -9999 
12 30 2000 19.49 0.03937008 -9999 26.06 12.92 2 -9999 -9999 
12 31 2000 18.5 0.03149606 -9999 24.08 12.92 2 -9999 -9999 
