Month	Day	Year	TAVG (F)	Precipitation (in)	Avg Rel Hum (%)	TMAX (F)	TMIN (F)	WINDVEL (m/sec)	Min Rel Hum (%)	Sunshine
1 1 1999 16.07 0 -9999 24.08 8.06 2 -9999 -9999 
1 2 1999 14.54 0.03937008 -9999 21.02 8.06 2 -9999 -9999 
1 3 1999 24.53 0.9291339 -9999 37.04 12.02 2 -9999 -9999 
1 4 1999 14.45 0 -9999 21.92 6.98 2 -9999 -9999 
1 5 1999 3.02 0 -9999 12.02 -5.98 2 -9999 -9999 
1 6 1999 5.99 0 -9999 17.06 -5.08 2 -9999 -9999 
1 7 1999 20.48 0.0984252 -9999 30.92 10.04 2 -9999 -9999 
1 8 1999 14.99 0.0511811 -9999 19.94 10.04 2 -9999 -9999 
1 9 1999 24.53 0.511811 -9999 33.08 15.98 2 -9999 -9999 
1 10 1999 15.53 0.03149606 -9999 24.08 6.98 2 -9999 -9999 
1 11 1999 9.95 0.07086614 -9999 17.96 1.94 2 -9999 -9999 
1 12 1999 19.94 0.0511811 -9999 39.92 -0.04 2 -9999 -9999 
1 13 1999 36.95 0.3582677 -9999 44.96 28.94 2 -9999 -9999 
1 14 1999 23 0.6181102 -9999 32 14 2 -9999 -9999 
1 15 1999 16.52 0.3188976 -9999 23 10.04 2 -9999 -9999 
1 16 1999 24.53 0 -9999 33.08 15.98 2 -9999 -9999 
1 17 1999 34.07 0 -9999 42.08 26.06 2 -9999 -9999 
1 18 1999 39.47 0.2913386 -9999 51.98 26.96 2 -9999 -9999 
1 19 1999 36.95 0.1496063 -9999 42.98 30.92 2 -9999 -9999 
1 20 1999 36.05 0 -9999 42.08 30.02 2 -9999 -9999 
1 21 1999 40.01 0.01181102 -9999 48.02 32 2 -9999 -9999 
1 22 1999 41.45 0.488189 -9999 46.94 35.96 2 -9999 -9999 
1 23 1999 57.02 0.01181102 -9999 68 46.04 2 -9999 -9999 
1 24 1999 46.04 0.05905512 -9999 57.02 35.06 2 -9999 -9999 
1 25 1999 35.51 0 -9999 37.94 33.08 2 -9999 -9999 
1 26 1999 31.01 0 -9999 37.94 24.08 2 -9999 -9999 
1 27 1999 34.52 0 -9999 44.06 24.98 2 -9999 -9999 
1 28 1999 49.01 0 -9999 62.96 35.06 2 -9999 -9999 
1 29 1999 41.45 0 -9999 51.98 30.92 2 -9999 -9999 
1 30 1999 34.07 0 -9999 42.08 26.06 2 -9999 -9999 
1 31 1999 34.97 0 -9999 44.96 24.98 2 -9999 -9999 
2 1 1999 34.97 0 -9999 44.96 24.98 2 -9999 -9999 
2 2 1999 38.48 0.6102362 -9999 44.96 32 2 -9999 -9999 
2 3 1999 36.5 0.0984252 -9999 46.04 26.96 2 -9999 -9999 
2 4 1999 36.95 0.03149606 -9999 46.94 26.96 2 -9999 -9999 
2 5 1999 32 0 -9999 42.98 21.02 2 -9999 -9999 
2 6 1999 33.98 0.01181102 -9999 42.98 24.98 2 -9999 -9999 
2 7 1999 44.51 0.01181102 -9999 53.96 35.06 2 -9999 -9999 
2 8 1999 34.97 0.519685 -9999 39.02 30.92 2 -9999 -9999 
2 9 1999 34.43 0 -9999 39.92 28.94 2 -9999 -9999 
2 10 1999 46.04 0 -9999 59 33.08 2 -9999 -9999 
2 11 1999 44.51 0 -9999 53.96 35.06 2 -9999 -9999 
2 12 1999 50.45 0.2992126 -9999 69.98 30.92 2 -9999 -9999 
2 13 1999 25.52 0.1692913 -9999 35.06 15.98 2 -9999 -9999 
2 14 1999 21.56 0 -9999 26.06 17.06 2 -9999 -9999 
2 15 1999 28.04 0 -9999 35.06 21.02 2 -9999 -9999 
2 16 1999 39.02 0 -9999 51.08 26.96 2 -9999 -9999 
2 17 1999 47.57 0.1614173 -9999 60.08 35.06 2 -9999 -9999 
2 18 1999 32.54 0 -9999 37.04 28.04 2 -9999 -9999 
2 19 1999 28.49 0 -9999 32 24.98 2 -9999 -9999 
2 20 1999 26.51 0 -9999 33.08 19.94 2 -9999 -9999 
2 21 1999 23 0 -9999 30.02 15.98 2 -9999 -9999 
2 22 1999 21.47 0 -9999 30.92 12.02 2 -9999 -9999 
2 23 1999 21.47 0 -9999 28.94 14 2 -9999 -9999 
2 24 1999 25.97 0 -9999 33.98 17.96 2 -9999 -9999 
2 25 1999 31.01 0 -9999 35.96 26.06 2 -9999 -9999 
2 26 1999 32.54 0.01181102 -9999 37.04 28.04 2 -9999 -9999 
2 27 1999 33.98 0 -9999 41 26.96 2 -9999 -9999 
2 28 1999 40.01 0.5984252 -9999 50 30.02 2 -9999 -9999 
3 1 1999 37.49 0.0511811 -9999 44.96 30.02 2 -9999 -9999 
3 2 1999 29.57 0.0511811 -9999 35.06 24.08 2 -9999 -9999 
3 3 1999 36.95 0.488189 -9999 46.94 26.96 2 -9999 -9999 
3 4 1999 34.07 0.3503937 -9999 44.06 24.08 2 -9999 -9999 
3 5 1999 29.03 0 -9999 35.06 23 2 -9999 -9999 
3 6 1999 36.5 0.4685039 -9999 44.06 28.94 2 -9999 -9999 
3 7 1999 27.5 0.07874016 -9999 42.98 12.02 2 -9999 -9999 
3 8 1999 19.04 0 -9999 28.04 10.04 2 -9999 -9999 
3 9 1999 22.46 0.1614173 -9999 32 12.92 2 -9999 -9999 
3 10 1999 25.97 0.1102362 -9999 30.02 21.92 2 -9999 -9999 
3 11 1999 25.97 0 -9999 33.98 17.96 2 -9999 -9999 
3 12 1999 26.96 0 -9999 35.96 17.96 2 -9999 -9999 
3 13 1999 28.49 0 -9999 39.02 17.96 2 -9999 -9999 
3 14 1999 28.94 0 -9999 37.94 19.94 2 -9999 -9999 
3 15 1999 29.48 0 -9999 35.96 23 2 -9999 -9999 
3 16 1999 32 0 -9999 41 23 2 -9999 -9999 
3 17 1999 40.01 0 -9999 51.98 28.04 2 -9999 -9999 
3 18 1999 53.51 0 -9999 69.08 37.94 2 -9999 -9999 
3 19 1999 44.06 0 -9999 60.08 28.04 2 -9999 -9999 
3 20 1999 33.98 0 -9999 42.98 24.98 2 -9999 -9999 
3 21 1999 40.46 0 -9999 53.96 26.96 2 -9999 -9999 
3 22 1999 41.99 0 -9999 55.04 28.94 2 -9999 -9999 
3 23 1999 31.46 0 -9999 37.94 24.98 2 -9999 -9999 
3 24 1999 38.93 0 -9999 48.92 28.94 2 -9999 -9999 
3 25 1999 41.45 0 -9999 57.92 24.98 2 -9999 -9999 
3 26 1999 36.5 0 -9999 42.08 30.92 2 -9999 -9999 
3 27 1999 37.04 0 -9999 48.02 26.06 2 -9999 -9999 
3 28 1999 42.44 0 -9999 55.94 28.94 2 -9999 -9999 
3 29 1999 49.01 0 -9999 64.94 33.08 2 -9999 -9999 
3 30 1999 47.48 0 -9999 60.98 33.98 2 -9999 -9999 
3 31 1999 53.96 0 -9999 66.92 41 2 -9999 -9999 
4 1 1999 60.44 0.09055118 -9999 71.96 48.92 2 -9999 -9999 
4 2 1999 56.48 0.01181102 -9999 60.98 51.98 0.8333333 -9999 -9999 
4 3 1999 60.98 0 -9999 71.96 50 2 -9999 -9999 
4 4 1999 67.46 0 -9999 78.98 55.94 2 -9999 -9999 
4 5 1999 55.04 0.1102362 -9999 71.06 39.02 2 -9999 -9999 
4 6 1999 52.52 0 -9999 62.06 42.98 1.50463 -9999 -9999 
4 7 1999 60.44 0.01968504 -9999 75.92 44.96 2.881944 -9999 -9999 
4 8 1999 58.01 0 -9999 68 48.02 1.678241 -9999 -9999 
4 9 1999 64.04 0.6299213 -9999 78.08 50 1.689815 -9999 -9999 
4 10 1999 54.95 0.2598425 -9999 71.96 37.94 2 -9999 -9999 
4 11 1999 49.46 0.1496063 -9999 57.92 41 2 -9999 -9999 
4 12 1999 52.97 0.01968504 -9999 69.98 35.96 2 -9999 -9999 
4 13 1999 43.52 0 -9999 53.06 33.98 1.828704 -9999 -9999 
4 14 1999 45.95 0 -9999 57.92 33.98 1.689815 -9999 -9999 
4 15 1999 55.94 0 -9999 66.92 44.96 1.064815 -9999 -9999 
4 16 1999 47.48 0.2283465 -9999 57.02 37.94 2.905093 -9999 -9999 
4 17 1999 42.53 0.2283465 -9999 48.02 37.04 2 -9999 -9999 
4 18 1999 41 0.1496063 -9999 44.06 37.94 2 -9999 -9999 
4 19 1999 45.5 0 -9999 53.96 37.04 2 -9999 -9999 
4 20 1999 48.47 0.2519685 -9999 57.02 39.92 1.412037 -9999 -9999 
4 21 1999 49.46 0.1417323 -9999 55.94 42.98 0.8217593 -9999 -9999 
4 22 1999 53.96 0.07086614 -9999 64.94 42.98 1.550926 -9999 -9999 
4 23 1999 68 0.7913386 -9999 80.96 55.04 2.256944 -9999 -9999 
4 24 1999 52.07 0 -9999 71.06 33.08 2 -9999 -9999 
4 25 1999 45.5 0 -9999 57.92 33.08 2 -9999 -9999 
4 26 1999 53.96 0 -9999 66.92 41 2 -9999 -9999 
4 27 1999 52.52 0 -9999 71.96 33.08 2 -9999 -9999 
4 28 1999 58.01 0 -9999 68 48.02 2 -9999 -9999 
4 29 1999 57.47 0 -9999 69.98 44.96 2 -9999 -9999 
4 30 1999 54.5 0 -9999 64.94 44.06 2 -9999 -9999 
5 1 1999 58.01 0 -9999 69.98 46.04 2 -9999 -9999 
5 2 1999 61.97 0 -9999 73.94 50 2 -9999 -9999 
5 3 1999 63.05 0 -9999 75.02 51.08 2 -9999 -9999 
5 4 1999 63.05 0 -9999 75.02 51.08 0.8333333 -9999 -9999 
5 5 1999 67.46 0 -9999 78.98 55.94 0.5787037 -9999 -9999 
5 6 1999 65.48 0 -9999 73.94 57.02 1.168981 -9999 -9999 
5 7 1999 68 0 -9999 80.96 55.04 1.770833 -9999 -9999 
5 8 1999 64.94 0 -9999 75.92 53.96 2 -9999 -9999 
5 9 1999 57.56 0.1181102 -9999 69.08 46.04 2 -9999 -9999 
5 10 1999 59 0 -9999 71.96 46.04 2 -9999 -9999 
5 11 1999 61.97 0 -9999 73.94 50 1.134259 -9999 -9999 
5 12 1999 68 0 -9999 80.96 55.04 0.7407407 -9999 -9999 
5 13 1999 69.44 0 -9999 84.92 53.96 1.527778 -9999 -9999 
5 14 1999 57.02 0.2716535 -9999 62.06 51.98 1.469907 -9999 -9999 
5 15 1999 55.49 0 -9999 62.06 48.92 2 -9999 -9999 
5 16 1999 62.51 0 -9999 75.02 50 2 -9999 -9999 
5 17 1999 64.49 0 -9999 78.98 50 2 -9999 -9999 
5 18 1999 72.5 0 -9999 82.94 62.06 1.678241 -9999 -9999 
5 19 1999 63.5 0.2283465 -9999 77 50 0.9259259 -9999 -9999 
5 20 1999 58.46 0 -9999 69.98 46.94 1.284722 -9999 -9999 
5 21 1999 62.06 0 -9999 73.04 51.08 0.787037 -9999 -9999 
5 22 1999 68.45 0.09055118 -9999 78.98 57.92 2 -9999 -9999 
5 23 1999 60.44 0.1889764 -9999 66.92 53.96 2 -9999 -9999 
5 24 1999 60.08 1.098425 -9999 69.08 51.08 2 -9999 -9999 
5 25 1999 50 0.0511811 -9999 57.02 42.98 1.956019 -9999 -9999 
5 26 1999 55.94 0 -9999 64.94 46.94 1.990741 -9999 -9999 
5 27 1999 53.51 0 -9999 60.08 46.94 1.377315 -9999 -9999 
5 28 1999 62.51 0 -9999 73.94 51.08 1.25 -9999 -9999 
5 29 1999 68.54 0 -9999 82.04 55.04 2 -9999 -9999 
5 30 1999 71.96 0 -9999 86 57.92 2 -9999 -9999 
5 31 1999 72.5 0 -9999 84.02 60.98 2 -9999 -9999 
6 1 1999 72.95 0.1614173 -9999 80.96 64.94 3.078704 -9999 -9999 
6 2 1999 68.99 0.01181102 -9999 73.94 64.04 2.083333 -9999 -9999 
6 3 1999 66.47 0.1496063 -9999 75.92 57.02 2.083333 -9999 -9999 
6 4 1999 60.98 0 -9999 75.02 46.94 1.261574 -9999 -9999 
6 5 1999 65.48 0 -9999 77 53.96 2 -9999 -9999 
6 6 1999 74.93 0 -9999 84.92 64.94 2 -9999 -9999 
6 7 1999 79.07 0 -9999 89.06 69.08 2 -9999 -9999 
6 8 1999 79.52 0 -9999 91.04 68 1.469907 -9999 -9999 
6 9 1999 77 0 -9999 89.96 64.04 0.9259259 -9999 -9999 
6 10 1999 81.05 0 -9999 96.08 66.02 0.4861111 -9999 -9999 
6 11 1999 79.52 0 -9999 93.02 66.02 0.6134259 -9999 -9999 
6 12 1999 79.97 0 -9999 93.92 66.02 2 -9999 -9999 
6 13 1999 76.01 0 -9999 91.04 60.98 2 -9999 -9999 
6 14 1999 76.01 0.03149606 -9999 86 66.02 2 -9999 -9999 
6 15 1999 64.94 0.2086614 -9999 75.92 53.96 1.689815 -9999 -9999 
6 16 1999 57.02 0 -9999 68 46.04 2.071759 -9999 -9999 
6 17 1999 62.51 0 -9999 71.96 53.06 1.956019 -9999 -9999 
6 18 1999 58.55 0 -9999 69.08 48.02 1.689815 -9999 -9999 
6 19 1999 63.05 0 -9999 73.04 53.06 2 -9999 -9999 
6 20 1999 65.03 0 -9999 75.02 55.04 2 -9999 -9999 
6 21 1999 69.44 0 -9999 82.94 55.94 2 -9999 -9999 
6 22 1999 69.98 0 -9999 82.04 57.92 1.215278 -9999 -9999 
6 23 1999 72.5 0 -9999 84.92 60.08 1.134259 -9999 -9999 
6 24 1999 76.46 0 -9999 87.98 64.94 1.284722 -9999 -9999 
6 25 1999 76.01 0 -9999 87.08 64.94 1.458333 -9999 -9999 
6 26 1999 77 0 -9999 87.08 66.92 2 -9999 -9999 
6 27 1999 81.5 0 -9999 91.94 71.06 2 -9999 -9999 
6 28 1999 79.07 0.1811024 -9999 89.06 69.08 2 -9999 -9999 
6 29 1999 77.45 0.3582677 -9999 89.96 64.94 1.840278 -9999 -9999 
6 30 1999 64.04 0 -9999 75.02 53.06 1.62037 -9999 -9999 
7 1 1999 67.46 0 -9999 80.96 53.96 1.62037 -9999 -9999 
7 2 1999 76.46 2.141732 -9999 84.92 68 1.886574 -9999 -9999 
7 3 1999 78.98 0 -9999 87.98 69.98 2 -9999 -9999 
7 4 1999 82.49 0 -9999 93.02 71.96 2 -9999 -9999 
7 5 1999 85.01 0 -9999 95 75.02 2 -9999 -9999 
7 6 1999 83.48 0 -9999 95 71.96 2 -9999 -9999 
7 7 1999 77.54 0.0511811 -9999 93.02 62.06 1.5625 -9999 -9999 
7 8 1999 72.5 0 -9999 84.92 60.08 1.064815 -9999 -9999 
7 9 1999 73.94 0 -9999 84.92 62.96 0.9722222 -9999 -9999 
7 10 1999 79.97 0.5314961 -9999 91.94 68 2 -9999 -9999 
7 11 1999 64.94 0 -9999 75.92 53.96 2 -9999 -9999 
7 12 1999 67.46 0 -9999 78.98 55.94 2 -9999 -9999 
7 13 1999 68.99 0 -9999 82.04 55.94 1.099537 -9999 -9999 
7 14 1999 72.05 0 -9999 82.04 62.06 0.462963 -9999 -9999 
7 15 1999 75.02 0 -9999 86 64.04 0.5787037 -9999 -9999 
7 16 1999 77.99 0 -9999 89.96 66.02 0.5787037 -9999 -9999 
7 17 1999 80.06 0 -9999 91.04 69.08 2 -9999 -9999 
7 18 1999 77.99 0 -9999 91.04 64.94 2 -9999 -9999 
7 19 1999 79.97 0 -9999 91.94 68 2 -9999 -9999 
7 20 1999 80.06 0.1299213 -9999 91.04 69.08 1.099537 -9999 -9999 
7 21 1999 73.94 0 -9999 84.92 62.96 0.6481481 -9999 -9999 
7 22 1999 73.94 1.811024 -9999 80.96 66.92 0.9143519 -9999 -9999 
7 23 1999 80.06 0 -9999 91.04 69.08 1.076389 -9999 -9999 
7 24 1999 82.04 0 -9999 95 69.08 2 -9999 -9999 
7 25 1999 77.99 0.01181102 -9999 91.94 64.04 2 -9999 -9999 
7 26 1999 76.01 0 -9999 87.08 64.94 2 -9999 -9999 
7 27 1999 77.45 0 -9999 87.98 66.92 1.122685 -9999 -9999 
7 28 1999 78.98 0 -9999 89.96 68 0.8564815 -9999 -9999 
7 29 1999 74.03 1.311024 -9999 84.02 64.04 1.354167 -9999 -9999 
7 30 1999 79.52 0 -9999 89.96 69.08 0.9837963 -9999 -9999 
7 31 1999 81.5 0.8307087 -9999 96.08 66.92 2 -9999 -9999 
8 1 1999 83.03 0.1181102 -9999 96.08 69.98 2 -9999 -9999 
8 2 1999 73.49 0 -9999 84.02 62.96 2 -9999 -9999 
8 3 1999 68.54 0 -9999 77 60.08 1.689815 -9999 -9999 
8 4 1999 70.07 0 -9999 80.06 60.08 0.6134259 -9999 -9999 
8 5 1999 74.03 0 -9999 86 62.06 1.377315 -9999 -9999 
8 6 1999 68 0 -9999 80.06 55.94 1.226852 -9999 -9999 
8 7 1999 74.03 0 -9999 84.02 64.04 2 -9999 -9999 
8 8 1999 73.49 0.1299213 -9999 82.04 64.94 2 -9999 -9999 
8 9 1999 66.02 0 -9999 78.08 53.96 2 -9999 -9999 
8 10 1999 65.03 0 -9999 75.02 55.04 0.7638889 -9999 -9999 
8 11 1999 68 0.07874016 -9999 80.06 55.94 1.226852 -9999 -9999 
8 12 1999 70.52 0 -9999 80.06 60.98 0.9143519 -9999 -9999 
8 13 1999 75.47 0.03937008 -9999 86 64.94 0.9837963 -9999 -9999 
8 14 1999 74.48 0.4606299 -9999 86 62.96 2 -9999 -9999 
8 15 1999 61.97 0 -9999 66.02 57.92 2 -9999 -9999 
8 16 1999 66.02 0 -9999 77 55.04 2 -9999 -9999 
8 17 1999 71.51 0 -9999 80.96 62.06 0.6365741 -9999 -9999 
8 18 1999 76.55 0 -9999 89.06 64.04 1.62037 -9999 -9999 
8 19 1999 68.99 0 -9999 77 60.98 1.377315 -9999 -9999 
8 20 1999 68.45 0 -9999 75.92 60.98 1.469907 -9999 -9999 
8 21 1999 66.47 0 -9999 75.92 57.02 2 -9999 -9999 
8 22 1999 65.93 0 -9999 73.94 57.92 2 -9999 -9999 
8 23 1999 69.98 0 -9999 80.96 59 2 -9999 -9999 
8 24 1999 71.51 0 -9999 80.06 62.96 0.8333333 -9999 -9999 
8 25 1999 70.52 2.708661 -9999 78.98 62.06 1.62037 -9999 -9999 
8 26 1999 69.53 0.1496063 -9999 77 62.06 0.9722222 -9999 -9999 
8 27 1999 68 0.01968504 -9999 73.94 62.06 0.7291667 -9999 -9999 
8 28 1999 71.06 0 -9999 80.06 62.06 2 -9999 -9999 
8 29 1999 74.48 0 -9999 86 62.96 2 -9999 -9999 
8 30 1999 63.5 0 -9999 75.92 51.08 2 -9999 -9999 
8 31 1999 61.52 0 -9999 71.06 51.98 2 -9999 -9999 
9 1 1999 67.01 0 -9999 77 57.02 0.8217593 -9999 -9999 
9 2 1999 72.5 0 -9999 82.94 62.06 0.8333333 -9999 -9999 
9 3 1999 76.46 0 -9999 87.98 64.94 0.9722222 -9999 -9999 
9 4 1999 75.47 0 -9999 87.98 62.96 2 -9999 -9999 
9 5 1999 75.47 0 -9999 84.92 66.02 2 -9999 -9999 
9 6 1999 75.02 0 -9999 82.04 68 2 -9999 -9999 
9 7 1999 77.45 0 -9999 87.98 66.92 2 -9999 -9999 
9 8 1999 66.47 0 -9999 77 55.94 0.8796296 -9999 -9999 
9 9 1999 73.04 0 -9999 82.04 64.04 0.8564815 -9999 -9999 
9 10 1999 66.02 0 -9999 80.96 51.08 1.064815 -9999 -9999 
9 11 1999 61.97 0 -9999 73.94 50 2 -9999 -9999 
9 12 1999 68.54 0 -9999 82.04 55.04 2 -9999 -9999 
9 13 1999 74.03 0 -9999 87.08 60.98 2 -9999 -9999 
9 14 1999 62.51 0 -9999 69.98 55.04 1.226852 -9999 -9999 
9 15 1999 60.53 0 -9999 75.02 46.04 1.099537 -9999 -9999 
9 16 1999 65.03 0 -9999 77 53.06 1.828704 -9999 -9999 
9 17 1999 59.99 0 -9999 69.98 50 2.777778 -9999 -9999 
9 18 1999 60.53 0 -9999 73.04 48.02 2 -9999 -9999 
9 19 1999 60.98 0 -9999 73.94 48.02 2 -9999 -9999 
9 20 1999 68 0.01968504 -9999 78.98 57.02 2 -9999 -9999 
9 21 1999 57.02 0.3188976 -9999 64.04 50 1.5625 -9999 -9999 
9 22 1999 50 0 -9999 59 41 2.222222 -9999 -9999 
9 23 1999 56.03 0 -9999 64.04 48.02 1.168981 -9999 -9999 
9 24 1999 60.98 0 -9999 73.94 48.02 2.256944 -9999 -9999 
9 25 1999 61.97 0.07874016 -9999 73.94 50 2 -9999 -9999 
9 26 1999 64.94 0 -9999 75.92 53.96 2 -9999 -9999 
9 27 1999 72.5 0 -9999 84.92 60.08 2 -9999 -9999 
9 28 1999 71.96 0.01181102 -9999 82.94 60.98 1.076389 -9999 -9999 
9 29 1999 74.48 0.3110236 -9999 84.92 64.04 1.643519 -9999 -9999 
9 30 1999 60.44 0.511811 -9999 75.92 44.96 2.013889 -9999 -9999 
10 1 1999 54.05 0 -9999 64.04 44.06 2 -9999 -9999 
10 2 1999 58.01 0 -9999 69.98 46.04 2 -9999 -9999 
10 3 1999 62.42 0 -9999 75.92 48.92 2 -9999 -9999 
10 4 1999 54.95 0.2204724 -9999 62.96 46.94 2 -9999 -9999 
10 5 1999 49.55 0 -9999 57.02 42.08 2 -9999 -9999 
10 6 1999 50 0 -9999 60.08 39.92 2 -9999 -9999 
10 7 1999 49.01 0 -9999 64.04 33.98 2 -9999 -9999 
10 8 1999 50 0 -9999 60.98 39.02 2 -9999 -9999 
10 9 1999 60.53 0.01181102 -9999 69.98 51.08 2 -9999 -9999 
10 10 1999 62.51 0.480315 -9999 64.94 60.08 2 -9999 -9999 
10 11 1999 60.53 0 -9999 69.08 51.98 2 -9999 -9999 
10 12 1999 56.03 0 -9999 68 44.06 2 -9999 -9999 
10 13 1999 58.46 0 -9999 69.98 46.94 2 -9999 -9999 
10 14 1999 58.01 0.5511811 -9999 73.04 42.98 2 -9999 -9999 
10 15 1999 48.02 0 -9999 57.02 39.02 2 -9999 -9999 
10 16 1999 55.58 0 -9999 69.08 42.08 2 -9999 -9999 
10 17 1999 63.5 0 -9999 73.94 53.06 2 -9999 -9999 
10 18 1999 48.02 0.1102362 -9999 57.02 39.02 2 -9999 -9999 
10 19 1999 48.47 0 -9999 57.02 39.92 2 -9999 -9999 
10 20 1999 49.01 0.01968504 -9999 60.08 37.94 2 -9999 -9999 
10 21 1999 46.04 0 -9999 60.08 32 2 -9999 -9999 
10 22 1999 48.92 0 -9999 57.92 39.92 2 -9999 -9999 
10 23 1999 49.55 0 -9999 60.08 39.02 2 -9999 -9999 
10 24 1999 40.01 0.0984252 -9999 44.06 35.96 2 -9999 -9999 
10 25 1999 36.5 0 -9999 42.98 30.02 2 -9999 -9999 
10 26 1999 45.5 0 -9999 57.92 33.08 2 -9999 -9999 
10 27 1999 50.99 0 -9999 62.96 39.02 2 -9999 -9999 
10 28 1999 47.48 0 -9999 57.02 37.94 2 -9999 -9999 
10 29 1999 54.5 0 -9999 68 41 2 -9999 -9999 
10 30 1999 61.97 0 -9999 75.92 48.02 2 -9999 -9999 
10 31 1999 61.97 0 -9999 75.02 48.92 2 -9999 -9999 
11 1 1999 63.05 0 -9999 75.02 51.08 2 -9999 -9999 
11 2 1999 61.52 1.07874 -9999 75.02 48.02 2 -9999 -9999 
11 3 1999 41 1.448819 -9999 50 32 2 -9999 -9999 
11 4 1999 32.54 0.07874016 -9999 39.02 26.06 2 -9999 -9999 
11 5 1999 42.98 0 -9999 57.02 28.94 2 -9999 -9999 
11 6 1999 53.96 0 -9999 66.92 41 2 -9999 -9999 
11 7 1999 49.55 0 -9999 64.04 35.06 2 -9999 -9999 
11 8 1999 40.55 0 -9999 53.06 28.04 2 -9999 -9999 
11 9 1999 50 0 -9999 60.98 39.02 2 -9999 -9999 
11 10 1999 63.05 0 -9999 75.02 51.08 2 -9999 -9999 
11 11 1999 57.02 0 -9999 69.98 44.06 2 -9999 -9999 
11 12 1999 43.97 0 -9999 53.96 33.98 2 -9999 -9999 
11 13 1999 47.03 0 -9999 60.08 33.98 2 -9999 -9999 
11 14 1999 52.52 0 -9999 62.96 42.08 2 -9999 -9999 
11 15 1999 46.04 0 -9999 60.08 32 2 -9999 -9999 
11 16 1999 36.5 0 -9999 42.98 30.02 2 -9999 -9999 
11 17 1999 33.53 0 -9999 42.08 24.98 2 -9999 -9999 
11 18 1999 34.52 0 -9999 44.96 24.08 2 -9999 -9999 
11 19 1999 41 0 -9999 55.04 26.96 2 -9999 -9999 
11 20 1999 53.96 0.1181102 -9999 64.94 42.98 2 -9999 -9999 
11 21 1999 50.99 0 -9999 59 42.98 2 -9999 -9999 
11 22 1999 59 0 -9999 69.08 48.92 2 -9999 -9999 
11 23 1999 59.99 0 -9999 69.98 50 2 -9999 -9999 
11 24 1999 59.54 0.09055118 -9999 71.06 48.02 2 -9999 -9999 
11 25 1999 44.96 0 -9999 53.96 35.96 2 -9999 -9999 
11 26 1999 42.98 0.5 -9999 50 35.96 2 -9999 -9999 
11 27 1999 42.98 0.2401575 -9999 50 35.96 2 -9999 -9999 
11 28 1999 40.55 0 -9999 51.08 30.02 2 -9999 -9999 
11 29 1999 37.49 0 -9999 46.94 28.04 2 -9999 -9999 
11 30 1999 32.54 0 -9999 41 24.08 2 -9999 -9999 
12 1 1999 25.52 0 -9999 35.06 15.98 2 -9999 -9999 
12 2 1999 27.95 0 -9999 35.96 19.94 2 -9999 -9999 
12 3 1999 37.04 0 -9999 50 24.08 2 -9999 -9999 
12 4 1999 53.06 0.05905512 -9999 62.06 44.06 2 -9999 -9999 
12 5 1999 53.96 0 -9999 60.98 46.94 2 -9999 -9999 
12 6 1999 48.02 0 -9999 60.98 35.06 2 -9999 -9999 
12 7 1999 31.46 0 -9999 35.96 26.96 2 -9999 -9999 
12 8 1999 34.07 0 -9999 42.08 26.06 2 -9999 -9999 
12 9 1999 39.02 0 -9999 51.08 26.96 2 -9999 -9999 
12 10 1999 44.06 0.7913386 -9999 53.06 35.06 2 -9999 -9999 
12 11 1999 38.48 0.03149606 -9999 50 26.96 2 -9999 -9999 
12 12 1999 35.51 0 -9999 44.06 26.96 2 -9999 -9999 
12 13 1999 35.51 0 -9999 41 30.02 2 -9999 -9999 
12 14 1999 40.55 0.6181102 -9999 44.06 37.04 2 -9999 -9999 
12 15 1999 41.45 0 -9999 46.94 35.96 2 -9999 -9999 
12 16 1999 40.46 0.03149606 -9999 50 30.92 2 -9999 -9999 
12 17 1999 28.49 0 -9999 35.06 21.92 2 -9999 -9999 
12 18 1999 31.55 0 -9999 39.02 24.08 2 -9999 -9999 
12 19 1999 31.01 0 -9999 35.06 26.96 2 -9999 -9999 
12 20 1999 39.47 0 -9999 51.98 26.96 2 -9999 -9999 
12 21 1999 33.98 0.01968504 -9999 48.92 19.04 2 -9999 -9999 
12 22 1999 17.96 0 -9999 24.98 10.94 2 -9999 -9999 
12 23 1999 21.02 0 -9999 30.02 12.02 2 -9999 -9999 
12 24 1999 19.94 0 -9999 26.96 12.92 2 -9999 -9999 
12 25 1999 16.52 0 -9999 26.06 6.98 2 -9999 -9999 
12 26 1999 17.51 0 -9999 28.04 6.98 2 -9999 -9999 
12 27 1999 28.49 0 -9999 37.04 19.94 2 -9999 -9999 
12 28 1999 17.51 0 -9999 24.98 10.04 2 -9999 -9999 
12 29 1999 18.95 0.03149606 -9999 24.98 12.92 2 -9999 -9999 
12 30 1999 28.94 0 -9999 35.96 21.92 2 -9999 -9999 
12 31 1999 38.48 0 -9999 46.94 30.02 2 -9999 -9999 
