Month	Day	Year	TAVG (F)	Precipitation (in)	Avg Rel Hum (%)	TMAX (F)	TMIN (F)	WINDVEL (m/sec)	Min Rel Hum (%)	Sunshine
1 1 2005 51.44 0 -9999 53.96 48.92 2 -9999 -9999 
1 2 2005 47.03 0.01181102 -9999 50 44.06 2 -9999 -9999 
1 3 2005 53.51 0.3818898 -9999 57.02 50 2 -9999 -9999 
1 4 2005 48.02 0.8818898 -9999 57.02 39.02 2 -9999 -9999 
1 5 2005 38.03 0.5511811 -9999 42.08 33.98 2 -9999 -9999 
1 6 2005 34.52 2.181102 -9999 35.96 33.08 2 -9999 -9999 
1 7 2005 35.06 0.07086614 -9999 42.08 28.04 2 -9999 -9999 
1 8 2005 33.44 0.3110236 -9999 37.94 28.94 2 -9999 -9999 
1 9 2005 34.97 0 -9999 37.94 32 2 -9999 -9999 
1 10 2005 38.57 0 -9999 44.06 33.08 2 -9999 -9999 
1 11 2005 35.96 0.4094488 -9999 37.94 33.98 2 -9999 -9999 
1 12 2005 45.95 1.551181 -9999 55.94 35.96 2 -9999 -9999 
1 13 2005 59 0 -9999 62.96 55.04 2 -9999 -9999 
1 14 2005 50.45 0.6614173 -9999 69.98 30.92 2 -9999 -9999 
1 15 2005 24.98 0 -9999 32 17.96 2 -9999 -9999 
1 16 2005 24.98 0.07086614 -9999 30.92 19.04 2 -9999 -9999 
1 17 2005 9.5 0 -9999 21.02 -2.02 2 -9999 -9999 
1 18 2005 4.46 0 -9999 10.94 -2.02 2 -9999 -9999 
1 19 2005 9.95 0.03937008 -9999 19.94 -0.04 2 -9999 -9999 
1 20 2005 24.98 0.03937008 -9999 30.02 19.94 2 -9999 -9999 
1 21 2005 16.97 0 -9999 24.98 8.96 2 -9999 -9999 
1 22 2005 10.94 0.03937008 -9999 21.92 -0.04 2 -9999 -9999 
1 23 2005 17.51 0.1299213 -9999 28.04 6.98 2 -9999 -9999 
1 24 2005 7.07 0 -9999 15.08 -0.94 2 -9999 -9999 
1 25 2005 14 0 -9999 24.08 3.92 2 -9999 -9999 
1 26 2005 31.55 0 -9999 39.02 24.08 2 -9999 -9999 
1 27 2005 22.55 0 -9999 39.02 6.08 2 -9999 -9999 
1 28 2005 11.48 0 -9999 19.04 3.92 2 -9999 -9999 
1 29 2005 15.44 0 -9999 28.94 1.94 2 -9999 -9999 
1 30 2005 26.51 0.2086614 -9999 33.08 19.94 2 -9999 -9999 
1 31 2005 23.54 0 -9999 37.04 10.04 2 -9999 -9999 
2 1 2005 29.03 0 -9999 44.06 14 2 -9999 -9999 
2 2 2005 23.99 0 -9999 35.06 12.92 2 -9999 -9999 
2 3 2005 26.51 0 -9999 37.94 15.08 2 -9999 -9999 
2 4 2005 28.94 0 -9999 39.92 17.96 2 -9999 -9999 
2 5 2005 35.42 0 -9999 48.92 21.92 2 -9999 -9999 
2 6 2005 37.94 0 -9999 48.92 26.96 2 -9999 -9999 
2 7 2005 43.97 0 -9999 53.96 33.98 2 -9999 -9999 
2 8 2005 47.03 0.2204724 -9999 51.98 42.08 2 -9999 -9999 
2 9 2005 41.45 0.01181102 -9999 46.94 35.96 2 -9999 -9999 
2 10 2005 32 0.1299213 -9999 39.02 24.98 2 -9999 -9999 
2 11 2005 21.56 0 -9999 26.06 17.06 2 -9999 -9999 
2 12 2005 21.47 0 -9999 28.94 14 2 -9999 -9999 
2 13 2005 37.49 0 -9999 46.04 28.94 2 -9999 -9999 
2 14 2005 38.48 0.0984252 -9999 46.94 30.02 2 -9999 -9999 
2 15 2005 42.98 0.511811 -9999 46.94 39.02 2 -9999 -9999 
2 16 2005 48.56 0.1496063 -9999 64.04 33.08 2 -9999 -9999 
2 17 2005 31.46 0 -9999 37.94 24.98 2 -9999 -9999 
2 18 2005 22.55 0 -9999 30.02 15.08 2 -9999 -9999 
2 19 2005 14.99 0 -9999 19.94 10.04 2 -9999 -9999 
2 20 2005 21.56 0 -9999 33.08 10.04 2 -9999 -9999 
2 21 2005 38.03 0.2716535 -9999 48.02 28.04 2 -9999 -9999 
2 22 2005 38.93 0 -9999 46.94 30.92 2 -9999 -9999 
2 23 2005 33.98 0 -9999 39.92 28.04 2 -9999 -9999 
2 24 2005 29.48 0 -9999 35.96 23 2 -9999 -9999 
2 25 2005 19.94 0.0511811 -9999 26.96 12.92 2 -9999 -9999 
2 26 2005 23.99 0 -9999 35.06 12.92 2 -9999 -9999 
2 27 2005 26.51 0 -9999 37.04 15.98 2 -9999 -9999 
2 28 2005 28.49 0 -9999 39.92 17.06 2 -9999 -9999 
3 1 2005 31.46 0.4015748 -9999 37.94 24.98 2 -9999 -9999 
3 2 2005 23.99 0.0511811 -9999 28.94 19.04 2 -9999 -9999 
3 3 2005 20.48 0.01181102 -9999 26.96 14 2 -9999 -9999 
3 4 2005 22.01 0 -9999 30.02 14 2 -9999 -9999 
3 5 2005 24.44 0 -9999 35.96 12.92 2 -9999 -9999 
3 6 2005 33.98 0 -9999 41 26.96 2 -9999 -9999 
3 7 2005 43.43 0 -9999 55.94 30.92 2 -9999 -9999 
3 8 2005 37.94 0.2086614 -9999 57.92 17.96 2 -9999 -9999 
3 9 2005 17.42 0 -9999 21.92 12.92 2 -9999 -9999 
3 10 2005 20.48 0.01181102 -9999 28.04 12.92 2 -9999 -9999 
3 11 2005 25.07 0.03937008 -9999 33.08 17.06 2 -9999 -9999 
3 12 2005 31.01 0.0511811 -9999 37.94 24.08 2 -9999 -9999 
3 13 2005 26.96 0 -9999 35.96 17.96 2 -9999 -9999 
3 14 2005 23.54 0 -9999 30.02 17.06 2 -9999 -9999 
3 15 2005 30.02 0 -9999 37.04 23 2 -9999 -9999 
3 16 2005 34.07 0 -9999 44.06 24.08 2 -9999 -9999 
3 17 2005 34.07 0 -9999 42.08 26.06 2 -9999 -9999 
3 18 2005 40.01 0 -9999 51.08 28.94 2 -9999 -9999 
3 19 2005 43.52 0 -9999 57.02 30.02 2 -9999 -9999 
3 20 2005 45.5 0.1181102 -9999 53.96 37.04 2 -9999 -9999 
3 21 2005 37.04 0 -9999 41 33.08 2 -9999 -9999 
3 22 2005 33.53 0 -9999 39.02 28.04 2 -9999 -9999 
3 23 2005 41 0.2007874 -9999 48.92 33.08 2 -9999 -9999 
3 24 2005 37.04 0.0984252 -9999 44.06 30.02 2 -9999 -9999 
3 25 2005 34.43 0 -9999 37.94 30.92 2 -9999 -9999 
3 26 2005 38.03 0.03937008 -9999 42.98 33.08 2 -9999 -9999 
3 27 2005 41.99 0 -9999 50 33.98 2 -9999 -9999 
3 28 2005 43.43 0.5314961 -9999 46.94 39.92 2 -9999 -9999 
3 29 2005 42.98 0.1614173 -9999 46.94 39.02 2 -9999 -9999 
3 30 2005 51.98 0 -9999 62.96 41 2 -9999 -9999 
3 31 2005 58.01 0 -9999 71.06 44.96 2 -9999 -9999 
4 1 2005 55.49 0 -9999 69.98 41 2 -9999 -9999 
4 2 2005 47.93 1.188976 -9999 55.94 39.92 2 -9999 -9999 
4 3 2005 36.5 0.1417323 -9999 39.92 33.08 2 -9999 -9999 
4 4 2005 46.49 0 -9999 55.04 37.94 2 -9999 -9999 
4 5 2005 53.51 0 -9999 62.96 44.06 2 -9999 -9999 
4 6 2005 64.04 0 -9999 77 51.08 2 -9999 -9999 
4 7 2005 67.01 0.01181102 -9999 78.08 55.94 2 -9999 -9999 
4 8 2005 50.99 0.05905512 -9999 60.98 41 2 -9999 -9999 
4 9 2005 54.5 0 -9999 66.02 42.98 2 -9999 -9999 
4 10 2005 61.97 0 -9999 75.92 48.02 2 -9999 -9999 
4 11 2005 62.51 0 -9999 77 48.02 2 -9999 -9999 
4 12 2005 58.01 0 -9999 73.04 42.98 2 -9999 -9999 
4 13 2005 51.98 0 -9999 60.98 42.98 2 -9999 -9999 
4 14 2005 51.98 0 -9999 62.96 41 2 -9999 -9999 
4 15 2005 51.44 0 -9999 64.94 37.94 2 -9999 -9999 
4 16 2005 55.04 0 -9999 69.08 41 2 -9999 -9999 
4 17 2005 58.46 0 -9999 69.98 46.94 2 -9999 -9999 
4 18 2005 62.42 0 -9999 75.92 48.92 2 -9999 -9999 
4 19 2005 66.02 0.01181102 -9999 78.08 53.96 2 -9999 -9999 
4 20 2005 68.54 0 -9999 80.06 57.02 2 -9999 -9999 
4 21 2005 60.98 1.200787 -9999 78.98 42.98 2 -9999 -9999 
4 22 2005 49.55 0 -9999 57.02 42.08 2 -9999 -9999 
4 23 2005 51.08 0.8897638 -9999 60.08 42.08 2 -9999 -9999 
4 24 2005 39.02 0.2204724 -9999 44.96 33.08 2 -9999 -9999 
4 25 2005 37.04 0.2204724 -9999 42.08 32 2 -9999 -9999 
4 26 2005 50 0 -9999 57.92 42.08 2 -9999 -9999 
4 27 2005 52.97 0.2519685 -9999 64.94 41 2 -9999 -9999 
4 28 2005 46.04 0 -9999 53.06 39.02 2 -9999 -9999 
4 29 2005 50.45 0.01968504 -9999 55.94 44.96 2 -9999 -9999 
4 30 2005 50.99 0.1811024 -9999 57.92 44.06 2 -9999 -9999 
5 1 2005 45.05 0 -9999 53.06 37.04 2 -9999 -9999 
5 2 2005 47.48 0 -9999 55.94 39.02 2 -9999 -9999 
5 3 2005 43.97 0 -9999 50 37.94 2 -9999 -9999 
5 4 2005 41 0 -9999 50 32 2 -9999 -9999 
5 5 2005 46.49 0 -9999 55.04 37.94 2 -9999 -9999 
5 6 2005 55.49 0 -9999 68 42.98 2 -9999 -9999 
5 7 2005 60.44 0 -9999 73.94 46.94 2 -9999 -9999 
5 8 2005 59.45 0 -9999 73.94 44.96 2 -9999 -9999 
5 9 2005 63.5 0 -9999 75.02 51.98 2 -9999 -9999 
5 10 2005 68 0 -9999 80.06 55.94 2 -9999 -9999 
5 11 2005 69.53 0.2086614 -9999 80.06 59 2 -9999 -9999 
5 12 2005 66.02 0.7086614 -9999 84.02 48.02 2 -9999 -9999 
5 13 2005 52.07 0 -9999 60.08 44.06 2 -9999 -9999 
5 14 2005 66.47 0.4015748 -9999 80.96 51.98 2 -9999 -9999 
5 15 2005 59.45 0.0511811 -9999 71.96 46.94 2 -9999 -9999 
5 16 2005 50 0 -9999 60.08 39.92 2 -9999 -9999 
5 17 2005 48.56 0 -9999 55.04 42.08 2 -9999 -9999 
5 18 2005 57.02 0 -9999 66.02 48.02 2 -9999 -9999 
5 19 2005 61.52 0 -9999 71.06 51.98 2 -9999 -9999 
5 20 2005 59.45 0.3582677 -9999 64.94 53.96 2 -9999 -9999 
5 21 2005 57.47 0.01181102 -9999 66.92 48.02 2 -9999 -9999 
5 22 2005 64.94 0 -9999 75.92 53.96 2 -9999 -9999 
5 23 2005 62.51 0.07874016 -9999 75.02 50 2 -9999 -9999 
5 24 2005 57.56 0.2086614 -9999 69.08 46.04 2 -9999 -9999 
5 25 2005 50.99 0 -9999 57.02 44.96 2 -9999 -9999 
5 26 2005 60.98 0 -9999 68 53.96 2 -9999 -9999 
5 27 2005 66.56 0 -9999 78.08 55.04 2 -9999 -9999 
5 28 2005 58.01 0.3503937 -9999 75.02 41 2 -9999 -9999 
5 29 2005 58.55 0.2204724 -9999 69.08 48.02 2 -9999 -9999 
5 30 2005 62.51 0 -9999 71.96 53.06 2 -9999 -9999 
5 31 2005 61.97 0.2598425 -9999 73.94 50 2 -9999 -9999 
6 1 2005 66.02 0 -9999 75.02 57.02 2 -9999 -9999 
6 2 2005 67.46 0 -9999 77 57.92 2 -9999 -9999 
6 3 2005 65.57 0 -9999 71.06 60.08 2 -9999 -9999 
6 4 2005 65.93 0 -9999 73.94 57.92 2 -9999 -9999 
6 5 2005 74.48 0 -9999 84.92 64.04 2 -9999 -9999 
6 6 2005 76.01 0.03149606 -9999 87.08 64.94 2 -9999 -9999 
6 7 2005 74.48 0 -9999 86 62.96 2 -9999 -9999 
6 8 2005 76.01 0 -9999 89.06 62.96 2 -9999 -9999 
6 9 2005 75.92 0 -9999 84.92 66.92 2 -9999 -9999 
6 10 2005 77.54 0 -9999 86 69.08 2 -9999 -9999 
6 11 2005 78.53 0.0984252 -9999 89.06 68 2 -9999 -9999 
6 12 2005 77 0 -9999 84.92 69.08 2 -9999 -9999 
6 13 2005 78.98 0 -9999 86 71.96 2 -9999 -9999 
6 14 2005 74.48 0 -9999 80.96 68 2 -9999 -9999 
6 15 2005 75.02 0.4212598 -9999 87.98 62.06 2 -9999 -9999 
6 16 2005 66.47 0 -9999 75.92 57.02 2 -9999 -9999 
6 17 2005 60.98 0.07874016 -9999 71.96 50 2 -9999 -9999 
6 18 2005 60.44 0 -9999 71.96 48.92 2 -9999 -9999 
6 19 2005 61.97 0 -9999 69.98 53.96 2 -9999 -9999 
6 20 2005 65.48 0 -9999 75.92 55.04 2 -9999 -9999 
6 21 2005 67.01 0 -9999 80.06 53.96 2 -9999 -9999 
6 22 2005 72.05 0.2598425 -9999 82.04 62.06 2 -9999 -9999 
6 23 2005 68 0 -9999 80.06 55.94 2 -9999 -9999 
6 24 2005 69.98 0 -9999 82.94 57.02 2 -9999 -9999 
6 25 2005 76.01 0 -9999 89.06 62.96 2 -9999 -9999 
6 26 2005 77.99 0 -9999 93.02 62.96 2 -9999 -9999 
6 27 2005 82.04 0 -9999 93.02 71.06 2 -9999 -9999 
6 28 2005 78.53 0 -9999 87.98 69.08 2 -9999 -9999 
6 29 2005 77 0.3385827 -9999 89.96 64.04 2 -9999 -9999 
6 30 2005 77.54 0 -9999 89.06 66.02 2 -9999 -9999 
7 1 2005 77.54 0.5590551 -9999 89.06 66.02 2 -9999 -9999 
7 2 2005 71.42 0 -9999 84.92 57.92 2 -9999 -9999 
7 3 2005 67.01 0 -9999 78.08 55.94 2 -9999 -9999 
7 4 2005 75.47 0 -9999 86 64.94 2 -9999 -9999 
7 5 2005 79.52 0 -9999 89.06 69.98 2 -9999 -9999 
7 6 2005 71.06 0.3582677 -9999 80.06 62.06 2 -9999 -9999 
7 7 2005 73.04 0 -9999 84.02 62.06 2 -9999 -9999 
7 8 2005 71.06 0 -9999 80.06 62.06 2 -9999 -9999 
7 9 2005 70.97 0 -9999 84.02 57.92 2 -9999 -9999 
7 10 2005 71.51 0 -9999 84.02 59 2 -9999 -9999 
7 11 2005 75.02 0 -9999 86 64.04 2 -9999 -9999 
7 12 2005 80.06 0 -9999 89.06 71.06 2 -9999 -9999 
7 13 2005 76.55 0.05905512 -9999 84.02 69.08 2 -9999 -9999 
7 14 2005 79.52 0.1496063 -9999 89.96 69.08 2 -9999 -9999 
7 15 2005 75.47 0.5314961 -9999 80.96 69.98 2 -9999 -9999 
7 16 2005 78.53 0.6496063 -9999 86 71.06 2 -9999 -9999 
7 17 2005 80.06 0.1496063 -9999 87.08 73.04 2 -9999 -9999 
7 18 2005 80.51 0 -9999 87.98 73.04 2 -9999 -9999 
7 19 2005 78.53 0.1181102 -9999 87.08 69.98 2 -9999 -9999 
7 20 2005 75.56 0 -9999 87.08 64.04 2 -9999 -9999 
7 21 2005 83.48 0.1102362 -9999 87.98 78.98 2 -9999 -9999 
7 22 2005 77.45 0.7086614 -9999 87.98 66.92 2 -9999 -9999 
7 23 2005 76.46 0 -9999 87.98 64.94 2 -9999 -9999 
7 24 2005 73.94 0 -9999 84.92 62.96 2 -9999 -9999 
7 25 2005 78.44 0 -9999 84.92 71.96 2 -9999 -9999 
7 26 2005 80.42 0.2007874 -9999 93.92 66.92 2 -9999 -9999 
7 27 2005 80.51 0.5984252 -9999 91.94 69.08 2 -9999 -9999 
7 28 2005 69.44 0.03149606 -9999 75.92 62.96 2 -9999 -9999 
7 29 2005 70.52 0 -9999 80.96 60.08 2 -9999 -9999 
7 30 2005 71.51 0 -9999 82.04 60.98 2 -9999 -9999 
7 31 2005 73.04 0 -9999 84.02 62.06 2 -9999 -9999 
8 1 2005 75.02 0 -9999 86 64.04 2 -9999 -9999 
8 2 2005 77.54 0 -9999 89.06 66.02 2 -9999 -9999 
8 3 2005 78.98 0 -9999 91.04 66.92 2 -9999 -9999 
8 4 2005 80.51 0 -9999 91.94 69.08 2 -9999 -9999 
8 5 2005 80.96 0.2795276 -9999 93.92 68 2 -9999 -9999 
8 6 2005 73.94 0.8188976 -9999 82.94 64.94 2 -9999 -9999 
8 7 2005 72.5 0 -9999 80.96 64.04 2 -9999 -9999 
8 8 2005 76.01 0 -9999 87.08 64.94 2 -9999 -9999 
8 9 2005 72.95 0 -9999 82.94 62.96 2 -9999 -9999 
8 10 2005 76.46 0 -9999 87.98 64.94 2 -9999 -9999 
8 11 2005 77.99 0.05905512 -9999 89.96 66.02 2 -9999 -9999 
8 12 2005 77.54 0 -9999 86 69.08 2 -9999 -9999 
8 13 2005 81.5 0 -9999 93.92 69.08 2 -9999 -9999 
8 14 2005 79.97 0.980315 -9999 93.92 66.02 2 -9999 -9999 
8 15 2005 73.04 0 -9999 80.06 66.02 2 -9999 -9999 
8 16 2005 67.46 0.2598425 -9999 73.94 60.98 2 -9999 -9999 
8 17 2005 70.97 0 -9999 78.98 62.96 2 -9999 -9999 
8 18 2005 74.03 0 -9999 84.02 64.04 2 -9999 -9999 
8 19 2005 76.01 0.01968504 -9999 82.04 69.98 2 -9999 -9999 
8 20 2005 77.99 0 -9999 89.96 66.02 2 -9999 -9999 
8 21 2005 79.97 0.9015748 -9999 91.94 68 2 -9999 -9999 
8 22 2005 69.98 0 -9999 84.02 55.94 2 -9999 -9999 
8 23 2005 64.49 0 -9999 75.92 53.06 2 -9999 -9999 
8 24 2005 63.05 0 -9999 73.04 53.06 2 -9999 -9999 
8 25 2005 68 0 -9999 78.08 57.92 2 -9999 -9999 
8 26 2005 73.49 0 -9999 80.96 66.02 2 -9999 -9999 
8 27 2005 75.47 0.1889764 -9999 80.96 69.98 2 -9999 -9999 
8 28 2005 72.5 0.0984252 -9999 80.96 64.04 2 -9999 -9999 
8 29 2005 76.01 0 -9999 87.08 64.94 2 -9999 -9999 
8 30 2005 69.98 0.07086614 -9999 73.94 66.02 2 -9999 -9999 
8 31 2005 69.98 3.480315 -9999 73.04 66.92 2 -9999 -9999 
9 1 2005 67.46 0.03937008 -9999 75.92 59 2 -9999 -9999 
9 2 2005 71.96 0 -9999 80.96 62.96 2 -9999 -9999 
9 3 2005 69.53 0 -9999 82.04 57.02 2 -9999 -9999 
9 4 2005 67.01 0 -9999 78.08 55.94 2 -9999 -9999 
9 5 2005 64.94 0 -9999 75.92 53.96 2 -9999 -9999 
9 6 2005 68.54 0 -9999 80.06 57.02 2 -9999 -9999 
9 7 2005 68 0 -9999 78.98 57.02 2 -9999 -9999 
9 8 2005 68.45 0 -9999 80.96 55.94 2 -9999 -9999 
9 9 2005 71.51 0 -9999 82.94 60.08 2 -9999 -9999 
9 10 2005 71.51 0 -9999 84.02 59 2 -9999 -9999 
9 11 2005 69.98 0 -9999 82.04 57.92 2 -9999 -9999 
9 12 2005 70.97 0 -9999 82.94 59 2 -9999 -9999 
9 13 2005 72.5 0 -9999 84.92 60.08 2 -9999 -9999 
9 14 2005 71.51 0 -9999 82.94 60.08 2 -9999 -9999 
9 15 2005 74.03 0 -9999 84.02 64.04 2 -9999 -9999 
9 16 2005 74.48 0.6417323 -9999 82.94 66.02 2 -9999 -9999 
9 17 2005 72.05 1.57874 -9999 82.04 62.06 2 -9999 -9999 
9 18 2005 67.46 0 -9999 71.96 62.96 2 -9999 -9999 
9 19 2005 68.99 0 -9999 80.06 57.92 2 -9999 -9999 
9 20 2005 68.54 0.03149606 -9999 75.02 62.06 2 -9999 -9999 
9 21 2005 64.49 0 -9999 75.02 53.96 2 -9999 -9999 
9 22 2005 68 0 -9999 80.06 55.94 2 -9999 -9999 
9 23 2005 73.94 0.2795276 -9999 82.94 64.94 2 -9999 -9999 
9 24 2005 64.04 0.03149606 -9999 71.06 57.02 2 -9999 -9999 
9 25 2005 66.92 0 -9999 75.92 57.92 2 -9999 -9999 
9 26 2005 74.93 0.7519685 -9999 82.94 66.92 2 -9999 -9999 
9 27 2005 63.05 0.0984252 -9999 73.04 53.06 2 -9999 -9999 
9 28 2005 61.52 0 -9999 71.06 51.98 2 -9999 -9999 
9 29 2005 62.96 0.6181102 -9999 75.92 50 2 -9999 -9999 
9 30 2005 50.54 0 -9999 60.08 41 2 -9999 -9999 
10 1 2005 55.49 0 -9999 66.92 44.06 2 -9999 -9999 
10 2 2005 62.96 0 -9999 75.92 50 2 -9999 -9999 
10 3 2005 69.98 0 -9999 80.96 59 2 -9999 -9999 
10 4 2005 70.52 0 -9999 80.96 60.08 2 -9999 -9999 
10 5 2005 69.44 0 -9999 82.94 55.94 2 -9999 -9999 
10 6 2005 70.07 0 -9999 80.06 60.08 2 -9999 -9999 
10 7 2005 68.99 0.01968504 -9999 80.06 57.92 2 -9999 -9999 
10 8 2005 54.5 0.3503937 -9999 59 50 2 -9999 -9999 
10 9 2005 47.48 0.5 -9999 50 44.96 2 -9999 -9999 
10 10 2005 49.55 0 -9999 53.06 46.04 2 -9999 -9999 
10 11 2005 58.55 0 -9999 64.04 53.06 2 -9999 -9999 
10 12 2005 58.55 0 -9999 62.06 55.04 2 -9999 -9999 
10 13 2005 59.45 0 -9999 64.94 53.96 2 -9999 -9999 
10 14 2005 57.47 0 -9999 66.02 48.92 2 -9999 -9999 
10 15 2005 59 0 -9999 71.96 46.04 2 -9999 -9999 
10 16 2005 53.51 0 -9999 69.08 37.94 2 -9999 -9999 
10 17 2005 46.49 0 -9999 55.94 37.04 2 -9999 -9999 
10 18 2005 53.51 0 -9999 64.04 42.98 2 -9999 -9999 
10 19 2005 58.55 0 -9999 71.06 46.04 2 -9999 -9999 
10 20 2005 57.47 0 -9999 75.02 39.92 2 -9999 -9999 
10 21 2005 45.95 0.03149606 -9999 48.92 42.98 2 -9999 -9999 
10 22 2005 49.46 0.4409449 -9999 51.98 46.94 2 -9999 -9999 
10 23 2005 43.07 0.2598425 -9999 51.08 35.06 2 -9999 -9999 
10 24 2005 46.49 0.6181102 -9999 53.96 39.02 2 -9999 -9999 
10 25 2005 40.01 0.519685 -9999 42.08 37.94 2 -9999 -9999 
10 26 2005 42.53 0.3110236 -9999 46.04 39.02 2 -9999 -9999 
10 27 2005 42.98 0 -9999 48.92 37.04 2 -9999 -9999 
10 28 2005 41.54 0 -9999 48.02 35.06 2 -9999 -9999 
10 29 2005 44.96 0 -9999 53.96 35.96 2 -9999 -9999 
10 30 2005 46.49 0 -9999 59 33.98 2 -9999 -9999 
10 31 2005 48.02 0 -9999 60.08 35.96 2 -9999 -9999 
11 1 2005 54.5 0 -9999 64.94 44.06 2 -9999 -9999 
11 2 2005 45.5 0.2716535 -9999 53.06 37.94 2 -9999 -9999 
11 3 2005 45.05 0 -9999 51.08 39.02 2 -9999 -9999 
11 4 2005 58.01 0 -9999 69.98 46.04 2 -9999 -9999 
11 5 2005 60.98 0 -9999 68 53.96 2 -9999 -9999 
11 6 2005 63.95 0 -9999 69.98 57.92 2 -9999 -9999 
11 7 2005 52.52 0.03937008 -9999 66.02 39.02 2 -9999 -9999 
11 8 2005 49.55 0 -9999 57.02 42.08 2 -9999 -9999 
11 9 2005 55.94 0.4212598 -9999 62.96 48.92 2 -9999 -9999 
11 10 2005 57.02 0 -9999 71.06 42.98 2 -9999 -9999 
11 11 2005 39.02 0 -9999 48.02 30.02 2 -9999 -9999 
11 12 2005 43.52 0 -9999 53.06 33.98 2 -9999 -9999 
11 13 2005 50.99 0 -9999 62.96 39.02 2 -9999 -9999 
11 14 2005 46.49 0 -9999 57.92 35.06 2 -9999 -9999 
11 15 2005 47.48 1.409449 -9999 57.02 37.94 2 -9999 -9999 
11 16 2005 56.03 0.2795276 -9999 69.98 42.08 2 -9999 -9999 
11 17 2005 32.99 0 -9999 42.98 23 2 -9999 -9999 
11 18 2005 23.45 0 -9999 28.94 17.96 2 -9999 -9999 
11 19 2005 26.96 0 -9999 33.98 19.94 2 -9999 -9999 
11 20 2005 39.47 0 -9999 51.98 26.96 2 -9999 -9999 
11 21 2005 46.04 0 -9999 57.02 35.06 2 -9999 -9999 
11 22 2005 43.97 0.01181102 -9999 53.96 33.98 2 -9999 -9999 
11 23 2005 29.48 0 -9999 37.04 21.92 2 -9999 -9999 
11 24 2005 30.02 0.1496063 -9999 37.04 23 2 -9999 -9999 
11 25 2005 23 0 -9999 35.96 10.04 2 -9999 -9999 
11 26 2005 18.95 0 -9999 26.96 10.94 2 -9999 -9999 
11 27 2005 36.95 0 -9999 46.94 26.96 2 -9999 -9999 
11 28 2005 51.98 0 -9999 57.02 46.94 2 -9999 -9999 
11 29 2005 57.47 0.8385827 -9999 68 46.94 2 -9999 -9999 
11 30 2005 42.53 0.01181102 -9999 53.06 32 2 -9999 -9999 
12 1 2005 30.02 0 -9999 33.98 26.06 2 -9999 -9999 
12 2 2005 27.5 0.01968504 -9999 32 23 2 -9999 -9999 
12 3 2005 20.57 0 -9999 26.06 15.08 2 -9999 -9999 
12 4 2005 25.07 0.07086614 -9999 26.06 24.08 2 -9999 -9999 
12 5 2005 24.53 0 -9999 30.02 19.04 2 -9999 -9999 
12 6 2005 20.48 0 -9999 30.02 10.94 2 -9999 -9999 
12 7 2005 19.04 0 -9999 26.06 12.02 2 -9999 -9999 
12 8 2005 17.51 0 -9999 24.08 10.94 2 -9999 -9999 
12 9 2005 23.54 0.09055118 -9999 35.06 12.02 2 -9999 -9999 
12 10 2005 21.02 0 -9999 24.08 17.96 2 -9999 -9999 
12 11 2005 26.96 0.03937008 -9999 32 21.92 2 -9999 -9999 
12 12 2005 27.5 0.1102362 -9999 33.98 21.02 2 -9999 -9999 
12 13 2005 18.5 0 -9999 26.06 10.94 2 -9999 -9999 
12 14 2005 23.45 0 -9999 33.98 12.92 2 -9999 -9999 
12 15 2005 24.98 0.03149606 -9999 32 17.96 2 -9999 -9999 
12 16 2005 33.53 0.3188976 -9999 37.04 30.02 2 -9999 -9999 
12 17 2005 26.96 0.01968504 -9999 33.98 19.94 2 -9999 -9999 
12 18 2005 25.07 0 -9999 33.08 17.06 2 -9999 -9999 
12 19 2005 20.57 0 -9999 35.06 6.08 2 -9999 -9999 
12 20 2005 13.01 0 -9999 21.02 5 2 -9999 -9999 
12 21 2005 14.99 0 -9999 24.98 5 2 -9999 -9999 
12 22 2005 27.5 0 -9999 30.92 24.08 2 -9999 -9999 
12 23 2005 30.02 0 -9999 33.08 26.96 2 -9999 -9999 
12 24 2005 38.48 0 -9999 44.96 32 2 -9999 -9999 
12 25 2005 44.51 0.0511811 -9999 51.98 37.04 2 -9999 -9999 
12 26 2005 39.47 0.0984252 -9999 44.96 33.98 2 -9999 -9999 
12 27 2005 33.98 0 -9999 35.96 32 2 -9999 -9999 
12 28 2005 39.47 0 -9999 46.94 32 2 -9999 -9999 
12 29 2005 46.94 0.3307087 -9999 55.94 37.94 2 -9999 -9999 
12 30 2005 35.06 0 -9999 37.04 33.08 2 -9999 -9999 
12 31 2005 35.96 0.03937008 -9999 37.94 33.98 2 -9999 -9999 
