sum_pe	sz_1	sz_1.5	sz_2	sz_3	sz_4	sz_5	sz_6	sz_8	sz_10	sz_12	sz_14	sz_16
0.00000	1.00000	1.50000	2.00000	3.00000	4.00000	5.00000	6.00000	8.00000	10.00000	12.00000	14.00000	16.00000
0.10000	0.90000	1.40000	1.90000	2.90000	3.90000	4.90000	5.90000	7.90000	9.90000	11.90000	13.90000	15.90000
0.20000	0.80000	1.30000	1.80000	2.80000	3.80000	4.80000	5.80000	7.80000	9.80000	11.80000	13.80000	15.80000
0.30000	0.72000	1.21000	1.70000	2.70000	3.70000	4.70000	5.70000	7.70000	9.70000	11.70000	13.70000	15.70000
0.40000	0.64000	1.13000	1.61000	2.61000	3.61000	4.61000	5.61000	7.61000	9.61000	11.61000	13.60000	15.60000
0.50000	0.57000	1.05000	1.53000	2.53000	3.52000	4.52000	5.51000	7.51000	9.51000	11.51000	13.51000	15.51000
0.60000	0.51000	0.97000	1.45000	2.44000	3.43000	4.42000	5.42000	7.42000	9.42000	11.41000	13.41000	15.41000
0.70000	0.46000	0.90000	1.37000	2.36000	3.34000	4.33000	5.33000	7.33000	9.32000	11.32000	13.32000	15.31000
0.80000	0.41000	0.84000	1.30000	2.28000	3.26000	4.25000	5.24000	7.24000	9.23000	11.22000	13.22000	15.22000
0.90000	0.36000	0.78000	1.23000	2.20000	3.18000	4.16000	5.15000	7.15000	9.14000	11.13000	13.13000	15.12000
1.00000	0.32000	0.73000	1.17000	2.12000	3.10000	4.08000	5.07000	7.06000	9.05000	11.04000	13.03000	15.03000
1.10000	0.29000	0.68000	1.11000	2.05000	3.02000	3.99000	4.98000	6.97000	8.96000	10.95000	12.94000	14.94000
1.20000	0.26000	0.63000	1.05000	1.98000	2.94000	3.91000	4.90000	6.88000	8.88000	10.86000	12.85000	14.84000
1.30000	0.23000	0.59000	0.99000	1.92000	2.86000	3.83000	4.81000	6.80000	8.80000	10.77000	12.76000	14.75000
1.40000	0.21000	0.55000	0.94000	1.86000	2.79000	3.76000	4.73000	6.71000	8.72000	10.68000	12.66000	14.66000
1.50000	0.19000	0.51000	0.89000	1.79000	2.72000	3.68000	4.65000	6.63000	8.65000	10.59000	12.58000	14.57000
1.60000	0.17000	0.48000	0.85000	1.73000	2.65000	3.61000	4.58000	6.55000	8.56000	10.50000	12.48000	14.48000
1.70000	0.15000	0.45000	0.80000	1.67000	2.58000	3.53000	4.50000	6.46000	8.48000	10.41000	12.40000	14.38000
1.80000	0.14000	0.42000	0.76000	1.62000	2.51000	3.46000	4.42000	6.38000	8.39000	10.33000	12.31000	14.30000
1.90000	0.12000	0.39000	0.72000	1.56000	2.45000	3.39000	4.35000	6.30000	8.31000	10.24000	12.22000	14.21000
2.00000	0.11000	0.36000	0.69000	1.50000	2.39000	3.32000	4.28000	6.23000	8.22000	10.15000	12.13000	14.12000
2.10000	0.09000	0.33000	0.65000	1.45000	2.33000	3.26000	4.21000	6.15000	8.14000	10.07000	12.05000	14.03000
2.20000	0.09000	0.31000	0.62000	1.40000	2.27000	3.19000	4.14000	6.07000	8.06000	9.99000	11.96000	13.94000
2.30000	0.08000	0.29000	0.59000	1.36000	2.21000	3.13000	4.07000	6.00000	7.99000	9.90000	11.88000	13.85000
2.40000	0.07000	0.27000	0.56000	1.31000	2.15000	3.06000	4.00000	5.92000	7.91000	9.82000	11.79000	13.77000
2.50000	0.06000	0.25000	0.53000	1.27000	2.10000	3.01000	3.93000	5.85000	7.83000	9.74000	11.71000	13.68000
2.60000	0.06000	0.23000	0.50000	1.22000	2.05000	2.94000	3.86000	5.77000	7.75000	9.66000	11.62000	13.60000
2.70000	0.05000	0.21000	0.47000	1.18000	2.00000	2.88000	3.80000	5.70000	7.67000	9.58000	11.54000	13.51000
2.80000	0.05000	0.20000	0.45000	1.14000	1.95000	2.82000	3.74000	5.63000	7.60000	9.50000	11.46000	13.43000
2.90000	0.04000	0.18000	0.42000	1.10000	1.90000	2.77000	3.68000	5.56000	7.52000	9.42000	11.38000	13.34000
3.00000	0.04000	0.17000	0.40000	1.06000	1.85000	2.71000	3.62000	5.49000	7.45000	9.34000	11.30000	13.26000
3.10000	0.03000	0.16000	0.38000	1.03000	1.80000	2.65000	3.55000	5.42000	7.37000	9.26000	11.22000	13.18000
3.20000	0.03000	0.15000	0.36000	0.99000	1.76000	2.60000	3.49000	5.36000	7.30000	9.19000	11.14000	13.10000
3.30000	0.02000	0.14000	0.34000	0.96000	1.71000	2.55000	3.43000	5.29000	7.23000	9.11000	11.06000	13.01000
3.40000	0.02000	0.13000	0.32000	0.93000	1.67000	2.50000	3.37000	5.22000	7.15000	9.03000	10.98000	12.93000
3.50000	0.01000	0.12000	0.30000	0.90000	1.63000	2.45000	3.31000	5.16000	7.08000	8.96000	10.90000	12.85000
3.60000	0.01000	0.11000	0.29000	0.87000	1.59000	2.40000	3.26000	5.09000	7.01000	8.88000	10.82000	12.77000
3.70000	0.01000	0.11000	0.27000	0.84000	1.55000	2.35000	3.20000	5.03000	6.94000	8.81000	10.74000	12.69000
3.80000	NA	0.10000	0.26000	0.81000	1.51000	2.30000	3.15000	4.97000	6.87000	8.74000	10.67000	12.61000
3.90000	NA	0.09000	0.25000	0.78000	1.47000	2.25000	3.10000	4.91000	6.80000	8.66000	10.59000	12.53000
4.00000	NA	0.08000	0.24000	0.75000	1.43000	2.21000	3.05000	4.84000	6.74000	8.59000	10.52000	12.46000
4.10000	NA	0.08000	0.23000	0.73000	1.39000	2.16000	3.00000	4.78000	6.67000	8.52000	10.44000	12.38000
4.20000	NA	0.07000	0.22000	0.70000	1.36000	2.12000	2.95000	4.72000	6.60000	8.45000	10.37000	12.30000
4.30000	NA	0.07000	0.21000	0.68000	1.32000	2.08000	2.90000	4.67000	6.54000	8.38000	10.29000	12.22000
4.40000	NA	0.06000	0.20000	0.66000	1.29000	2.04000	2.85000	4.61000	6.47000	8.31000	10.22000	12.15000
4.50000	NA	NA	0.19000	0.63000	1.26000	2.00000	2.80000	4.55000	6.41000	8.24000	10.15000	12.07000
4.60000	NA	NA	0.18000	0.61000	1.23000	1.96000	2.75000	4.49000	6.34000	8.17000	10.07000	12.00000
4.70000	NA	NA	0.17000	0.59000	1.20000	1.92000	2.70000	4.44000	6.28000	8.10000	10.00000	11.92000
4.80000	NA	NA	0.16000	0.57000	1.17000	1.88000	2.66000	4.38000	6.22000	8.04000	9.93000	11.85000
4.90000	NA	NA	0.15000	0.55000	1.14000	1.84000	2.61000	4.33000	6.15000	7.97000	9.86000	11.77000
5.00000	NA	NA	0.14000	0.53000	1.11000	1.81000	2.57000	4.27000	6.09000	7.90000	9.79000	11.70000
5.10000	NA	NA	0.13000	0.51000	1.08000	1.77000	2.53000	4.22000	6.03000	7.84000	9.72000	11.63000
5.20000	NA	NA	0.12000	0.50000	1.05000	1.73000	2.49000	4.17000	5.97000	7.77000	9.65000	11.55000
5.30000	NA	NA	0.12000	0.48000	1.02000	1.70000	2.44000	4.12000	5.91000	7.71000	9.58000	11.48000
5.40000	NA	NA	0.11000	0.46000	1.00000	1.66000	2.40000	4.06000	5.85000	7.64000	9.51000	11.41000
5.50000	NA	NA	0.11000	0.45000	0.98000	1.63000	2.36000	4.01000	5.80000	7.58000	9.45000	11.34000
5.60000	NA	NA	0.10000	0.43000	0.95000	1.60000	2.32000	3.96000	5.74000	7.52000	9.38000	11.27000
5.70000	NA	NA	0.10000	0.42000	0.92000	1.57000	2.28000	3.91000	5.68000	7.46000	9.31000	11.20000
5.80000	NA	NA	0.09000	0.41000	0.90000	1.54000	2.24000	3.87000	5.62000	7.39000	9.25000	11.13000
5.90000	NA	NA	0.09000	0.39000	0.88000	1.51000	2.20000	3.82000	5.57000	7.33000	9.18000	11.06000
6.00000	NA	NA	0.08000	0.38000	0.86000	1.47000	2.16000	3.77000	5.51000	7.27000	9.11000	10.99000
6.10000	NA	NA	0.08000	0.36000	0.84000	1.44000	2.12000	3.72000	5.46000	7.21000	9.05000	10.92000
6.20000	NA	NA	0.07000	0.35000	0.82000	1.41000	2.09000	3.68000	5.40000	7.15000	8.98000	10.85000
6.30000	NA	NA	0.07000	0.34000	0.80000	1.38000	2.05000	3.63000	5.35000	7.09000	8.92000	10.79000
6.40000	NA	NA	0.07000	0.33000	0.77000	1.36000	2.02000	3.59000	5.30000	7.03000	8.86000	10.72000
6.50000	NA	NA	0.06000	0.32000	0.76000	1.33000	1.98000	3.54000	5.24000	6.97000	8.79000	10.65000
6.60000	NA	NA	0.06000	0.31000	0.74000	1.30000	1.95000	3.50000	5.19000	6.92000	8.73000	10.58000
6.70000	NA	NA	0.06000	0.30000	0.72000	1.28000	1.91000	3.45000	5.14000	6.86000	8.67000	10.52000
6.80000	NA	NA	0.05000	0.29000	0.70000	1.25000	1.88000	3.41000	5.09000	6.80000	8.61000	10.45000
6.90000	NA	NA	0.05000	0.28000	0.68000	1.22000	1.85000	3.37000	5.04000	6.74000	8.55000	10.39000
7.00000	NA	NA	0.05000	0.27000	0.66000	1.19000	1.82000	3.33000	4.99000	6.69000	8.48000	10.32000
7.10000	NA	NA	0.05000	0.26000	0.65000	1.17000	1.79000	3.28000	4.94000	6.63000	8.42000	10.26000
7.20000	NA	NA	0.04000	0.25000	0.63000	1.15000	1.76000	3.24000	4.89000	6.58000	8.36000	10.19000
7.30000	NA	NA	0.04000	0.24000	0.61000	1.13000	1.73000	3.20000	4.84000	6.52000	8.30000	10.13000
7.40000	NA	NA	0.04000	0.23000	0.60000	1.10000	1.70000	3.16000	4.79000	6.47000	8.25000	10.07000
7.50000	NA	NA	0.04000	0.22000	0.58000	1.08000	1.67000	3.12000	4.74000	6.41000	8.19000	10.00000
7.60000	NA	NA	0.04000	0.22000	0.57000	1.06000	1.64000	3.08000	4.70000	6.36000	8.13000	9.94000
7.70000	NA	NA	0.03000	0.21000	0.56000	1.04000	1.61000	3.05000	4.65000	6.31000	8.07000	9.88000
7.80000	NA	NA	0.03000	0.20000	0.54000	1.02000	1.58000	3.01000	4.60000	6.26000	8.01000	9.82000
7.90000	NA	NA	0.03000	0.19000	0.53000	1.00000	1.55000	2.97000	4.56000	6.20000	7.95000	9.76000
8.00000	NA	NA	0.03000	0.19000	0.52000	0.98000	1.53000	2.93000	4.51000	6.15000	7.90000	9.70000
8.10000	NA	NA	NA	0.18000	0.50000	0.96000	1.50000	2.90000	4.47000	6.10000	7.84000	9.64000
8.20000	NA	NA	NA	0.18000	0.49000	0.94000	1.48000	2.86000	4.42000	6.05000	7.79000	9.58000
8.30000	NA	NA	NA	0.17000	0.48000	0.92000	1.45000	2.83000	4.38000	6.00000	7.73000	9.52000
8.40000	NA	NA	NA	0.16000	0.47000	0.90000	1.43000	2.79000	4.33000	5.95000	7.67000	9.46000
8.50000	NA	NA	NA	0.15000	0.45000	0.89000	1.40000	2.76000	4.29000	5.90000	7.62000	9.40000
8.60000	NA	NA	NA	0.15000	0.44000	0.87000	1.38000	2.72000	4.25000	5.85000	7.57000	9.34000
8.70000	NA	NA	NA	0.14000	0.43000	0.85000	1.35000	2.69000	4.20000	5.80000	7.51000	9.28000
8.80000	NA	NA	NA	0.14000	0.42000	0.83000	1.33000	2.65000	4.16000	5.75000	7.46000	9.22000
8.90000	NA	NA	NA	0.13000	0.41000	0.82000	1.30000	2.62000	4.12000	5.71000	7.40000	9.17000
9.00000	NA	NA	NA	NA	0.40000	0.80000	1.28000	2.59000	4.08000	5.66000	7.35000	9.11000
9.10000	NA	NA	NA	NA	0.39000	0.79000	1.26000	2.56000	4.04000	5.61000	7.30000	9.05000
9.20000	NA	NA	NA	NA	0.38000	0.77000	1.24000	2.52000	4.00000	5.57000	7.25000	9.00000
9.30000	NA	NA	NA	NA	0.37000	0.75000	1.22000	2.49000	3.96000	5.52000	7.19000	8.94000
9.40000	NA	NA	NA	NA	0.36000	0.74000	1.20000	2.46000	3.92000	5.47000	7.14000	8.88000
9.50000	NA	NA	NA	NA	0.35000	0.72000	1.18000	2.43000	3.88000	5.43000	7.09000	8.83000
9.60000	NA	NA	NA	NA	0.34000	0.71000	1.16000	2.40000	3.84000	5.38000	7.04000	8.77000
9.70000	NA	NA	NA	NA	0.34000	0.70000	1.14000	2.37000	3.80000	5.34000	6.99000	8.72000
9.80000	NA	NA	NA	NA	0.33000	0.68000	1.12000	2.34000	3.77000	5.29000	6.94000	8.66000
9.90000	NA	NA	NA	NA	0.32000	0.67000	1.10000	2.31000	3.73000	5.25000	6.89000	8.61000
10.00000	NA	NA	NA	NA	0.31000	0.66000	1.08000	2.28000	3.69000	5.21000	6.84000	8.56000
10.10000	NA	NA	NA	NA	0.30000	0.64000	1.06000	2.25000	3.65000	5.16000	6.79000	8.50000
10.20000	NA	NA	NA	NA	0.30000	0.63000	1.04000	2.23000	3.62000	5.12000	6.75000	8.45000
10.30000	NA	NA	NA	NA	0.29000	0.62000	1.02000	2.20000	3.59000	5.08000	6.70000	8.40000
10.40000	NA	NA	NA	NA	0.28000	0.60000	1.00000	2.17000	3.55000	5.04000	6.65000	8.34000
10.50000	NA	NA	NA	NA	0.27000	0.59000	0.98000	2.14000	3.52000	4.99000	6.60000	8.29000
10.60000	NA	NA	NA	NA	0.27000	0.58000	0.97000	2.12000	3.48000	4.95000	6.56000	8.24000
10.70000	NA	NA	NA	NA	0.26000	0.57000	0.95000	2.09000	3.45000	4.91000	6.51000	8.19000
10.80000	NA	NA	NA	NA	0.25000	0.56000	0.94000	2.07000	3.41000	4.87000	6.47000	8.14000
10.90000	NA	NA	NA	NA	0.25000	0.55000	0.92000	2.04000	3.38000	4.83000	6.42000	8.09000
11.00000	NA	NA	NA	NA	NA	0.54000	0.90000	2.01000	3.35000	4.79000	6.37000	8.04000
11.10000	NA	NA	NA	NA	NA	0.53000	0.89000	1.99000	3.31000	4.75000	6.33000	7.99000
11.20000	NA	NA	NA	NA	NA	0.52000	0.87000	1.96000	3.28000	4.71000	6.28000	7.94000
11.30000	NA	NA	NA	NA	NA	0.50000	0.86000	1.94000	3.25000	4.67000	6.24000	7.89000
11.40000	NA	NA	NA	NA	NA	0.49000	0.85000	1.92000	3.21000	4.63000	6.19000	7.84000
11.50000	NA	NA	NA	NA	NA	0.48000	0.83000	1.89000	3.18000	4.59000	6.15000	7.79000
11.60000	NA	NA	NA	NA	NA	0.48000	0.82000	1.87000	3.15000	4.55000	6.10000	7.74000
11.70000	NA	NA	NA	NA	NA	0.47000	0.80000	1.84000	3.12000	4.52000	6.06000	7.69000
11.80000	NA	NA	NA	NA	NA	0.46000	0.79000	1.82000	3.09000	4.48000	6.02000	7.64000
11.90000	NA	NA	NA	NA	NA	0.45000	0.78000	1.80000	3.06000	4.44000	5.98000	7.60000
12.00000	NA	NA	NA	NA	NA	0.44000	0.77000	1.78000	3.03000	4.41000	5.93000	7.55000
12.10000	NA	NA	NA	NA	NA	0.43000	0.75000	1.75000	3.00000	4.37000	5.89000	7.50000
12.20000	NA	NA	NA	NA	NA	0.42000	0.74000	1.73000	2.97000	4.33000	5.85000	7.46000
12.30000	NA	NA	NA	NA	NA	0.41000	0.73000	1.71000	2.94000	4.30000	5.81000	7.41000
12.40000	NA	NA	NA	NA	NA	0.40000	0.72000	1.69000	2.91000	4.26000	5.77000	7.36000
12.50000	NA	NA	NA	NA	NA	0.40000	0.70000	1.67000	2.88000	4.23000	5.72000	7.32000
12.60000	NA	NA	NA	NA	NA	0.39000	0.69000	1.65000	2.85000	4.19000	5.68000	7.27000
12.70000	NA	NA	NA	NA	NA	0.38000	0.68000	1.63000	2.82000	4.16000	5.64000	7.23000
12.80000	NA	NA	NA	NA	NA	0.37000	0.67000	1.61000	2.79000	4.12000	5.60000	7.18000
12.90000	NA	NA	NA	NA	NA	0.37000	0.66000	1.59000	2.77000	4.09000	5.56000	7.14000
13.00000	NA	NA	NA	NA	NA	0.36000	0.65000	1.57000	2.74000	4.05000	5.52000	7.09000
13.10000	NA	NA	NA	NA	NA	0.35000	0.64000	1.55000	2.71000	4.02000	5.48000	7.05000
13.20000	NA	NA	NA	NA	NA	0.34000	0.63000	1.53000	2.68000	3.99000	5.45000	7.00000
13.30000	NA	NA	NA	NA	NA	0.34000	0.62000	1.51000	2.65000	3.95000	5.41000	6.96000
13.40000	NA	NA	NA	NA	NA	0.33000	0.61000	1.49000	2.62000	3.92000	5.37000	6.92000
13.50000	NA	NA	NA	NA	NA	0.32000	0.60000	1.47000	2.60000	3.89000	5.33000	6.87000
13.60000	NA	NA	NA	NA	NA	0.32000	0.59000	1.45000	2.57000	3.85000	5.29000	6.83000
13.70000	NA	NA	NA	NA	NA	0.31000	0.58000	1.44000	2.54000	3.82000	5.25000	6.79000
13.80000	NA	NA	NA	NA	NA	0.31000	0.57000	1.42000	2.52000	3.79000	5.22000	6.74000
13.90000	NA	NA	NA	NA	NA	0.30000	0.56000	1.40000	2.49000	3.76000	5.18000	6.70000
14.00000	NA	NA	NA	NA	NA	0.29000	0.55000	1.38000	2.47000	3.73000	5.14000	6.66000
14.10000	NA	NA	NA	NA	NA	NA	0.54000	1.37000	2.44000	3.70000	5.10000	6.62000
14.20000	NA	NA	NA	NA	NA	NA	0.53000	1.35000	2.42000	3.67000	5.07000	6.58000
14.30000	NA	NA	NA	NA	NA	NA	0.52000	1.33000	2.40000	3.64000	5.03000	6.54000
14.40000	NA	NA	NA	NA	NA	NA	0.51000	1.31000	2.37000	3.61000	5.00000	6.50000
14.50000	NA	NA	NA	NA	NA	NA	0.50000	1.30000	2.35000	3.58000	4.96000	6.46000
14.60000	NA	NA	NA	NA	NA	NA	0.50000	1.28000	2.32000	3.55000	4.92000	6.42000
14.70000	NA	NA	NA	NA	NA	NA	0.49000	1.27000	2.30000	3.52000	4.89000	6.38000
14.80000	NA	NA	NA	NA	NA	NA	0.48000	1.25000	2.28000	3.49000	4.86000	6.34000
14.90000	NA	NA	NA	NA	NA	NA	0.47000	1.24000	2.26000	3.46000	4.82000	6.30000
15.00000	NA	NA	NA	NA	NA	NA	0.46000	1.22000	2.23000	3.43000	4.78000	6.26000
15.10000	NA	NA	NA	NA	NA	NA	0.45000	1.20000	2.21000	3.40000	4.75000	6.22000
15.20000	NA	NA	NA	NA	NA	NA	0.45000	1.19000	2.19000	3.37000	4.71000	6.18000
15.30000	NA	NA	NA	NA	NA	NA	0.44000	1.17000	2.17000	3.34000	4.67000	6.14000
15.40000	NA	NA	NA	NA	NA	NA	0.43000	1.16000	2.15000	3.32000	4.64000	6.10000
15.50000	NA	NA	NA	NA	NA	NA	0.43000	1.15000	2.13000	3.29000	4.61000	6.06000
15.60000	NA	NA	NA	NA	NA	NA	0.42000	1.13000	2.11000	3.26000	4.58000	6.03000
15.70000	NA	NA	NA	NA	NA	NA	0.41000	1.12000	2.09000	3.23000	4.54000	5.99000
15.80000	NA	NA	NA	NA	NA	NA	0.40000	1.10000	2.07000	3.21000	4.51000	5.95000
15.90000	NA	NA	NA	NA	NA	NA	0.40000	1.09000	2.05000	3.18000	4.48000	5.91000
16.00000	NA	NA	NA	NA	NA	NA	0.39000	1.08000	2.02000	3.15000	4.44000	5.88000
16.10000	NA	NA	NA	NA	NA	NA	NA	1.06000	2.00000	3.13000	4.41000	5.84000
16.20000	NA	NA	NA	NA	NA	NA	NA	1.05000	1.98000	3.10000	4.38000	5.80000
16.30000	NA	NA	NA	NA	NA	NA	NA	1.04000	1.96000	3.08000	4.35000	5.77000
16.40000	NA	NA	NA	NA	NA	NA	NA	1.02000	1.95000	3.05000	4.32000	5.73000
16.50000	NA	NA	NA	NA	NA	NA	NA	1.01000	1.93000	3.03000	4.29000	5.70000
16.60000	NA	NA	NA	NA	NA	NA	NA	1.00000	1.91000	3.00000	4.26000	5.66000
16.70000	NA	NA	NA	NA	NA	NA	NA	0.99000	1.89000	2.98000	4.23000	5.63000
16.80000	NA	NA	NA	NA	NA	NA	NA	0.97000	1.87000	2.95000	4.20000	5.59000
16.90000	NA	NA	NA	NA	NA	NA	NA	0.96000	1.85000	2.93000	4.17000	5.56000
17.00000	NA	NA	NA	NA	NA	NA	NA	0.95000	1.83000	2.90000	4.14000	5.52000
17.10000	NA	NA	NA	NA	NA	NA	NA	0.94000	1.81000	2.88000	4.11000	5.49000
17.20000	NA	NA	NA	NA	NA	NA	NA	0.93000	1.80000	2.85000	4.08000	5.45000
17.30000	NA	NA	NA	NA	NA	NA	NA	0.91000	1.78000	2.83000	4.05000	5.42000
17.40000	NA	NA	NA	NA	NA	NA	NA	0.90000	1.76000	2.81000	4.02000	5.38000
17.50000	NA	NA	NA	NA	NA	NA	NA	0.89000	1.74000	2.78000	3.99000	5.35000
17.60000	NA	NA	NA	NA	NA	NA	NA	0.88000	1.72000	2.76000	3.96000	5.31000
17.70000	NA	NA	NA	NA	NA	NA	NA	0.87000	1.71000	2.74000	3.94000	5.28000
17.80000	NA	NA	NA	NA	NA	NA	NA	0.86000	1.69000	2.71000	3.91000	5.25000
17.90000	NA	NA	NA	NA	NA	NA	NA	0.85000	1.67000	2.69000	3.88000	5.21000
18.00000	NA	NA	NA	NA	NA	NA	NA	0.84000	1.66000	2.67000	3.86000	5.18000
18.10000	NA	NA	NA	NA	NA	NA	NA	0.83000	1.64000	2.65000	3.83000	5.15000
18.20000	NA	NA	NA	NA	NA	NA	NA	0.82000	1.62000	2.62000	3.80000	5.12000
18.30000	NA	NA	NA	NA	NA	NA	NA	0.81000	1.61000	2.60000	3.77000	5.08000
18.40000	NA	NA	NA	NA	NA	NA	NA	0.80000	1.59000	2.58000	3.75000	5.05000
18.50000	NA	NA	NA	NA	NA	NA	NA	0.79000	1.58000	2.56000	3.72000	5.02000
18.60000	NA	NA	NA	NA	NA	NA	NA	0.78000	1.56000	2.54000	3.69000	4.99000
18.70000	NA	NA	NA	NA	NA	NA	NA	0.77000	1.54000	2.52000	3.67000	4.96000
18.80000	NA	NA	NA	NA	NA	NA	NA	0.76000	1.53000	2.50000	3.64000	4.93000
18.90000	NA	NA	NA	NA	NA	NA	NA	0.75000	1.51000	2.48000	3.62000	4.90000
19.00000	NA	NA	NA	NA	NA	NA	NA	0.74000	1.50000	2.46000	3.59000	4.87000
19.10000	NA	NA	NA	NA	NA	NA	NA	0.73000	1.48000	2.43000	3.56000	4.84000
19.20000	NA	NA	NA	NA	NA	NA	NA	0.72000	1.47000	2.41000	3.54000	4.81000
19.30000	NA	NA	NA	NA	NA	NA	NA	0.71000	1.45000	2.39000	3.51000	4.78000
19.40000	NA	NA	NA	NA	NA	NA	NA	0.70000	1.44000	2.37000	3.49000	4.75000
19.50000	NA	NA	NA	NA	NA	NA	NA	0.69000	1.43000	2.35000	3.46000	4.72000
19.60000	NA	NA	NA	NA	NA	NA	NA	0.69000	1.41000	2.34000	3.44000	4.69000
19.70000	NA	NA	NA	NA	NA	NA	NA	0.68000	1.40000	2.32000	3.41000	4.66000
19.80000	NA	NA	NA	NA	NA	NA	NA	0.67000	1.38000	2.30000	3.39000	4.63000
19.90000	NA	NA	NA	NA	NA	NA	NA	0.66000	1.37000	2.28000	3.36000	4.60000
20.00000	NA	NA	NA	NA	NA	NA	NA	0.65000	1.36000	2.26000	3.34000	4.57000
20.10000	NA	NA	NA	NA	NA	NA	NA	0.64000	1.34000	2.24000	3.32000	4.54000
20.20000	NA	NA	NA	NA	NA	NA	NA	0.64000	1.33000	2.22000	3.29000	4.51000
20.30000	NA	NA	NA	NA	NA	NA	NA	0.63000	1.32000	2.20000	3.27000	4.49000
20.40000	NA	NA	NA	NA	NA	NA	NA	0.62000	1.30000	2.18000	3.25000	4.46000
20.50000	NA	NA	NA	NA	NA	NA	NA	0.61000	1.29000	2.17000	3.22000	4.43000
20.60000	NA	NA	NA	NA	NA	NA	NA	0.60000	1.28000	2.15000	3.20000	4.40000
20.70000	NA	NA	NA	NA	NA	NA	NA	0.60000	1.26000	2.13000	3.18000	4.38000
20.80000	NA	NA	NA	NA	NA	NA	NA	0.59000	1.25000	2.11000	3.16000	4.35000
20.90000	NA	NA	NA	NA	NA	NA	NA	0.58000	1.24000	2.10000	3.13000	4.32000
21.00000	NA	NA	NA	NA	NA	NA	NA	0.57000	1.23000	2.08000	3.11000	4.29000
21.10000	NA	NA	NA	NA	NA	NA	NA	0.57000	1.21000	2.06000	3.09000	4.27000
21.20000	NA	NA	NA	NA	NA	NA	NA	0.56000	1.20000	2.04000	3.07000	4.24000
21.30000	NA	NA	NA	NA	NA	NA	NA	0.55000	1.19000	2.03000	3.05000	4.21000
21.40000	NA	NA	NA	NA	NA	NA	NA	0.55000	1.18000	2.01000	3.02000	4.19000
21.50000	NA	NA	NA	NA	NA	NA	NA	0.54000	1.17000	1.99000	3.00000	4.16000
21.60000	NA	NA	NA	NA	NA	NA	NA	NA	1.15000	1.98000	2.98000	4.14000
21.70000	NA	NA	NA	NA	NA	NA	NA	NA	1.14000	1.96000	2.96000	4.11000
21.80000	NA	NA	NA	NA	NA	NA	NA	NA	1.13000	1.94000	2.94000	4.08000
21.90000	NA	NA	NA	NA	NA	NA	NA	NA	1.12000	1.93000	2.92000	4.06000
22.00000	NA	NA	NA	NA	NA	NA	NA	NA	1.11000	1.91000	2.90000	4.03000
22.10000	NA	NA	NA	NA	NA	NA	NA	NA	1.10000	1.90000	2.88000	4.01000
22.20000	NA	NA	NA	NA	NA	NA	NA	NA	1.09000	1.88000	2.86000	3.98000
22.30000	NA	NA	NA	NA	NA	NA	NA	NA	1.08000	1.86000	2.84000	3.96000
22.40000	NA	NA	NA	NA	NA	NA	NA	NA	1.07000	1.85000	2.82000	3.93000
22.50000	NA	NA	NA	NA	NA	NA	NA	NA	1.06000	1.83000	2.80000	3.91000
22.60000	NA	NA	NA	NA	NA	NA	NA	NA	1.04000	1.82000	2.78000	3.88000
22.70000	NA	NA	NA	NA	NA	NA	NA	NA	1.03000	1.80000	2.76000	3.86000
22.80000	NA	NA	NA	NA	NA	NA	NA	NA	1.02000	1.79000	2.74000	3.84000
22.90000	NA	NA	NA	NA	NA	NA	NA	NA	1.01000	1.77000	2.72000	3.81000
23.00000	NA	NA	NA	NA	NA	NA	NA	NA	1.00000	1.76000	2.70000	3.79000
23.10000	NA	NA	NA	NA	NA	NA	NA	NA	0.99000	1.74000	2.68000	3.76000
23.20000	NA	NA	NA	NA	NA	NA	NA	NA	0.98000	1.73000	2.66000	3.74000
23.30000	NA	NA	NA	NA	NA	NA	NA	NA	0.97000	1.71000	2.64000	3.72000
23.40000	NA	NA	NA	NA	NA	NA	NA	NA	0.96000	1.70000	2.62000	3.69000
23.50000	NA	NA	NA	NA	NA	NA	NA	NA	0.95000	1.69000	2.60000	3.67000
23.60000	NA	NA	NA	NA	NA	NA	NA	NA	0.94000	1.67000	2.58000	3.65000
23.70000	NA	NA	NA	NA	NA	NA	NA	NA	0.94000	1.66000	2.56000	3.63000
23.80000	NA	NA	NA	NA	NA	NA	NA	NA	0.93000	1.64000	2.55000	3.60000
23.90000	NA	NA	NA	NA	NA	NA	NA	NA	0.92000	1.63000	2.53000	3.58000
24.00000	NA	NA	NA	NA	NA	NA	NA	NA	0.91000	1.62000	2.51000	3.56000
24.10000	NA	NA	NA	NA	NA	NA	NA	NA	0.90000	1.60000	2.49000	3.54000
24.20000	NA	NA	NA	NA	NA	NA	NA	NA	0.89000	1.59000	2.48000	3.51000
24.30000	NA	NA	NA	NA	NA	NA	NA	NA	0.88000	1.58000	2.46000	3.49000
24.40000	NA	NA	NA	NA	NA	NA	NA	NA	0.87000	1.56000	2.44000	3.47000
24.50000	NA	NA	NA	NA	NA	NA	NA	NA	0.86000	1.55000	2.42000	3.45000
24.60000	NA	NA	NA	NA	NA	NA	NA	NA	0.85000	1.54000	2.40000	3.43000
24.70000	NA	NA	NA	NA	NA	NA	NA	NA	0.85000	1.53000	2.39000	3.41000
24.80000	NA	NA	NA	NA	NA	NA	NA	NA	0.84000	1.51000	2.37000	3.38000
24.90000	NA	NA	NA	NA	NA	NA	NA	NA	0.83000	1.50000	2.35000	3.36000
25.00000	NA	NA	NA	NA	NA	NA	NA	NA	0.82000	1.49000	2.34000	3.34000
25.10000	NA	NA	NA	NA	NA	NA	NA	NA	0.81000	1.48000	2.32000	3.32000
25.20000	NA	NA	NA	NA	NA	NA	NA	NA	0.80000	1.46000	2.30000	3.30000
25.30000	NA	NA	NA	NA	NA	NA	NA	NA	0.80000	1.45000	2.29000	3.28000
25.40000	NA	NA	NA	NA	NA	NA	NA	NA	0.79000	1.44000	2.27000	3.26000
25.50000	NA	NA	NA	NA	NA	NA	NA	NA	0.79000	1.43000	2.26000	3.24000
25.60000	NA	NA	NA	NA	NA	NA	NA	NA	0.79000	1.41000	2.24000	3.22000
25.70000	NA	NA	NA	NA	NA	NA	NA	NA	0.79000	1.40000	2.22000	3.20000
25.80000	NA	NA	NA	NA	NA	NA	NA	NA	0.79000	1.39000	2.21000	3.18000
25.90000	NA	NA	NA	NA	NA	NA	NA	NA	0.79000	1.38000	2.19000	3.16000
26.00000	NA	NA	NA	NA	NA	NA	NA	NA	NA	1.37000	2.17000	3.14000
26.10000	NA	NA	NA	NA	NA	NA	NA	NA	NA	1.36000	2.16000	3.12000
26.20000	NA	NA	NA	NA	NA	NA	NA	NA	NA	1.35000	2.14000	3.10000
26.30000	NA	NA	NA	NA	NA	NA	NA	NA	NA	1.33000	2.13000	3.08000
26.40000	NA	NA	NA	NA	NA	NA	NA	NA	NA	1.32000	2.11000	3.06000
26.50000	NA	NA	NA	NA	NA	NA	NA	NA	NA	1.31000	2.10000	3.04000
26.60000	NA	NA	NA	NA	NA	NA	NA	NA	NA	1.30000	2.08000	3.02000
26.70000	NA	NA	NA	NA	NA	NA	NA	NA	NA	1.29000	2.07000	3.01000
26.80000	NA	NA	NA	NA	NA	NA	NA	NA	NA	1.28000	2.05000	2.99000
26.90000	NA	NA	NA	NA	NA	NA	NA	NA	NA	1.27000	2.04000	2.97000
27.00000	NA	NA	NA	NA	NA	NA	NA	NA	NA	1.26000	2.02000	2.95000
27.10000	NA	NA	NA	NA	NA	NA	NA	NA	NA	1.25000	2.01000	2.93000
27.20000	NA	NA	NA	NA	NA	NA	NA	NA	NA	1.24000	2.00000	2.91000
27.30000	NA	NA	NA	NA	NA	NA	NA	NA	NA	1.23000	1.98000	2.89000
27.40000	NA	NA	NA	NA	NA	NA	NA	NA	NA	1.22000	1.97000	2.88000
27.50000	NA	NA	NA	NA	NA	NA	NA	NA	NA	1.21000	1.95000	2.86000
27.60000	NA	NA	NA	NA	NA	NA	NA	NA	NA	1.20000	1.94000	2.84000
27.70000	NA	NA	NA	NA	NA	NA	NA	NA	NA	1.19000	1.93000	2.82000
27.80000	NA	NA	NA	NA	NA	NA	NA	NA	NA	1.18000	1.91000	2.81000
27.90000	NA	NA	NA	NA	NA	NA	NA	NA	NA	1.17000	1.90000	2.79000
28.00000	NA	NA	NA	NA	NA	NA	NA	NA	NA	1.16000	1.89000	2.77000
28.10000	NA	NA	NA	NA	NA	NA	NA	NA	NA	1.15000	1.87000	2.75000
28.20000	NA	NA	NA	NA	NA	NA	NA	NA	NA	1.14000	1.86000	2.74000
28.30000	NA	NA	NA	NA	NA	NA	NA	NA	NA	1.13000	1.85000	2.72000
28.40000	NA	NA	NA	NA	NA	NA	NA	NA	NA	1.12000	1.83000	2.70000
28.50000	NA	NA	NA	NA	NA	NA	NA	NA	NA	1.11000	1.82000	2.69000
28.60000	NA	NA	NA	NA	NA	NA	NA	NA	NA	1.10000	1.81000	2.67000
28.70000	NA	NA	NA	NA	NA	NA	NA	NA	NA	1.09000	1.79000	2.65000
28.80000	NA	NA	NA	NA	NA	NA	NA	NA	NA	NA	1.78000	2.64000
28.90000	NA	NA	NA	NA	NA	NA	NA	NA	NA	NA	1.77000	2.62000
29.00000	NA	NA	NA	NA	NA	NA	NA	NA	NA	NA	1.76000	2.60000
29.10000	NA	NA	NA	NA	NA	NA	NA	NA	NA	NA	1.74000	2.59000
29.20000	NA	NA	NA	NA	NA	NA	NA	NA	NA	NA	1.73000	2.57000
29.30000	NA	NA	NA	NA	NA	NA	NA	NA	NA	NA	1.72000	2.55000
29.40000	NA	NA	NA	NA	NA	NA	NA	NA	NA	NA	1.71000	2.54000
29.50000	NA	NA	NA	NA	NA	NA	NA	NA	NA	NA	1.69000	2.52000
29.60000	NA	NA	NA	NA	NA	NA	NA	NA	NA	NA	1.68000	2.51000
29.70000	NA	NA	NA	NA	NA	NA	NA	NA	NA	NA	1.67000	2.49000
29.80000	NA	NA	NA	NA	NA	NA	NA	NA	NA	NA	1.66000	2.48000
29.90000	NA	NA	NA	NA	NA	NA	NA	NA	NA	NA	1.65000	2.46000
30.00000	NA	NA	NA	NA	NA	NA	NA	NA	NA	NA	1.63000	2.44000
30.10000	NA	NA	NA	NA	NA	NA	NA	NA	NA	NA	1.62000	2.43000
30.20000	NA	NA	NA	NA	NA	NA	NA	NA	NA	NA	1.61000	2.41000
30.30000	NA	NA	NA	NA	NA	NA	NA	NA	NA	NA	1.60000	2.40000
30.40000	NA	NA	NA	NA	NA	NA	NA	NA	NA	NA	1.59000	2.38000
30.50000	NA	NA	NA	NA	NA	NA	NA	NA	NA	NA	1.58000	2.37000
30.60000	NA	NA	NA	NA	NA	NA	NA	NA	NA	NA	1.56000	2.35000
30.70000	NA	NA	NA	NA	NA	NA	NA	NA	NA	NA	1.55000	2.34000
30.80000	NA	NA	NA	NA	NA	NA	NA	NA	NA	NA	1.54000	2.32000
30.90000	NA	NA	NA	NA	NA	NA	NA	NA	NA	NA	1.53000	2.31000
31.00000	NA	NA	NA	NA	NA	NA	NA	NA	NA	NA	1.52000	2.30000
31.10000	NA	NA	NA	NA	NA	NA	NA	NA	NA	NA	1.51000	2.28000
31.20000	NA	NA	NA	NA	NA	NA	NA	NA	NA	NA	1.50000	2.27000
31.30000	NA	NA	NA	NA	NA	NA	NA	NA	NA	NA	1.49000	2.25000
31.40000	NA	NA	NA	NA	NA	NA	NA	NA	NA	NA	1.48000	2.24000
31.50000	NA	NA	NA	NA	NA	NA	NA	NA	NA	NA	1.47000	2.23000
31.60000	NA	NA	NA	NA	NA	NA	NA	NA	NA	NA	1.46000	2.21000
31.70000	NA	NA	NA	NA	NA	NA	NA	NA	NA	NA	1.45000	2.20000
31.80000	NA	NA	NA	NA	NA	NA	NA	NA	NA	NA	1.44000	2.18000
31.90000	NA	NA	NA	NA	NA	NA	NA	NA	NA	NA	1.43000	2.17000
32.00000	NA	NA	NA	NA	NA	NA	NA	NA	NA	NA	1.42000	2.16000
32.10000	NA	NA	NA	NA	NA	NA	NA	NA	NA	NA	1.41000	2.14000
32.20000	NA	NA	NA	NA	NA	NA	NA	NA	NA	NA	1.40000	2.13000
32.30000	NA	NA	NA	NA	NA	NA	NA	NA	NA	NA	1.39000	2.12000
32.40000	NA	NA	NA	NA	NA	NA	NA	NA	NA	NA	1.38000	2.10000
32.50000	NA	NA	NA	NA	NA	NA	NA	NA	NA	NA	1.37000	2.09000
32.60000	NA	NA	NA	NA	NA	NA	NA	NA	NA	NA	1.36000	2.08000
32.70000	NA	NA	NA	NA	NA	NA	NA	NA	NA	NA	1.35000	2.06000
32.80000	NA	NA	NA	NA	NA	NA	NA	NA	NA	NA	1.34000	2.05000
32.90000	NA	NA	NA	NA	NA	NA	NA	NA	NA	NA	1.33000	2.04000
33.00000	NA	NA	NA	NA	NA	NA	NA	NA	NA	NA	1.32000	2.03000
33.10000	NA	NA	NA	NA	NA	NA	NA	NA	NA	NA	1.31000	2.01000
33.20000	NA	NA	NA	NA	NA	NA	NA	NA	NA	NA	1.30000	2.00000
33.30000	NA	NA	NA	NA	NA	NA	NA	NA	NA	NA	1.29000	1.99000
33.40000	NA	NA	NA	NA	NA	NA	NA	NA	NA	NA	1.28000	1.98000
33.50000	NA	NA	NA	NA	NA	NA	NA	NA	NA	NA	1.27000	1.96000
33.60000	NA	NA	NA	NA	NA	NA	NA	NA	NA	NA	1.26000	1.95000
33.70000	NA	NA	NA	NA	NA	NA	NA	NA	NA	NA	1.26000	1.94000
33.80000	NA	NA	NA	NA	NA	NA	NA	NA	NA	NA	1.25000	1.93000
33.90000	NA	NA	NA	NA	NA	NA	NA	NA	NA	NA	1.24000	1.91000
34.00000	NA	NA	NA	NA	NA	NA	NA	NA	NA	NA	1.23000	1.90000
34.10000	NA	NA	NA	NA	NA	NA	NA	NA	NA	NA	1.22000	1.89000
34.20000	NA	NA	NA	NA	NA	NA	NA	NA	NA	NA	1.21000	1.88000
34.30000	NA	NA	NA	NA	NA	NA	NA	NA	NA	NA	1.20000	1.87000
34.40000	NA	NA	NA	NA	NA	NA	NA	NA	NA	NA	1.19000	1.86000
34.50000	NA	NA	NA	NA	NA	NA	NA	NA	NA	NA	1.18000	1.84000
34.60000	NA	NA	NA	NA	NA	NA	NA	NA	NA	NA	NA	1.83000
34.70000	NA	NA	NA	NA	NA	NA	NA	NA	NA	NA	NA	1.82000
34.80000	NA	NA	NA	NA	NA	NA	NA	NA	NA	NA	NA	1.81000
34.90000	NA	NA	NA	NA	NA	NA	NA	NA	NA	NA	NA	1.80000
35.00000	NA	NA	NA	NA	NA	NA	NA	NA	NA	NA	NA	1.79000
35.10000	NA	NA	NA	NA	NA	NA	NA	NA	NA	NA	NA	1.78000
35.20000	NA	NA	NA	NA	NA	NA	NA	NA	NA	NA	NA	1.77000
35.30000	NA	NA	NA	NA	NA	NA	NA	NA	NA	NA	NA	1.75000
35.40000	NA	NA	NA	NA	NA	NA	NA	NA	NA	NA	NA	1.74000
35.50000	NA	NA	NA	NA	NA	NA	NA	NA	NA	NA	NA	1.73000
35.60000	NA	NA	NA	NA	NA	NA	NA	NA	NA	NA	NA	1.72000
35.70000	NA	NA	NA	NA	NA	NA	NA	NA	NA	NA	NA	1.71000
35.80000	NA	NA	NA	NA	NA	NA	NA	NA	NA	NA	NA	1.70000
35.90000	NA	NA	NA	NA	NA	NA	NA	NA	NA	NA	NA	1.69000
36.00000	NA	NA	NA	NA	NA	NA	NA	NA	NA	NA	NA	1.68000
36.10000	NA	NA	NA	NA	NA	NA	NA	NA	NA	NA	NA	1.67000
36.20000	NA	NA	NA	NA	NA	NA	NA	NA	NA	NA	NA	1.66000
36.30000	NA	NA	NA	NA	NA	NA	NA	NA	NA	NA	NA	1.65000
36.40000	NA	NA	NA	NA	NA	NA	NA	NA	NA	NA	NA	1.64000
36.50000	NA	NA	NA	NA	NA	NA	NA	NA	NA	NA	NA	1.63000
36.60000	NA	NA	NA	NA	NA	NA	NA	NA	NA	NA	NA	1.62000
36.70000	NA	NA	NA	NA	NA	NA	NA	NA	NA	NA	NA	1.61000
36.80000	NA	NA	NA	NA	NA	NA	NA	NA	NA	NA	NA	1.60000
36.90000	NA	NA	NA	NA	NA	NA	NA	NA	NA	NA	NA	1.59000
37.00000	NA	NA	NA	NA	NA	NA	NA	NA	NA	NA	NA	1.58000
37.10000	NA	NA	NA	NA	NA	NA	NA	NA	NA	NA	NA	1.57000
37.20000	NA	NA	NA	NA	NA	NA	NA	NA	NA	NA	NA	1.56000
37.30000	NA	NA	NA	NA	NA	NA	NA	NA	NA	NA	NA	1.55000
37.40000	NA	NA	NA	NA	NA	NA	NA	NA	NA	NA	NA	1.54000
37.50000	NA	NA	NA	NA	NA	NA	NA	NA	NA	NA	NA	1.53000
37.60000	NA	NA	NA	NA	NA	NA	NA	NA	NA	NA	NA	1.52000
37.70000	NA	NA	NA	NA	NA	NA	NA	NA	NA	NA	NA	1.51000
37.80000	NA	NA	NA	NA	NA	NA	NA	NA	NA	NA	NA	1.50000
37.90000	NA	NA	NA	NA	NA	NA	NA	NA	NA	NA	NA	1.49000
38.00000	NA	NA	NA	NA	NA	NA	NA	NA	NA	NA	NA	1.48000
38.10000	NA	NA	NA	NA	NA	NA	NA	NA	NA	NA	NA	1.47000
38.20000	NA	NA	NA	NA	NA	NA	NA	NA	NA	NA	NA	1.46000
38.30000	NA	NA	NA	NA	NA	NA	NA	NA	NA	NA	NA	1.45000
38.40000	NA	NA	NA	NA	NA	NA	NA	NA	NA	NA	NA	1.44000
38.50000	NA	NA	NA	NA	NA	NA	NA	NA	NA	NA	NA	1.44000
38.60000	NA	NA	NA	NA	NA	NA	NA	NA	NA	NA	NA	1.43000
38.70000	NA	NA	NA	NA	NA	NA	NA	NA	NA	NA	NA	1.42000
38.80000	NA	NA	NA	NA	NA	NA	NA	NA	NA	NA	NA	1.41000
38.90000	NA	NA	NA	NA	NA	NA	NA	NA	NA	NA	NA	1.40000
39.00000	NA	NA	NA	NA	NA	NA	NA	NA	NA	NA	NA	1.39000
39.10000	NA	NA	NA	NA	NA	NA	NA	NA	NA	NA	NA	1.38000
39.20000	NA	NA	NA	NA	NA	NA	NA	NA	NA	NA	NA	1.37000
39.30000	NA	NA	NA	NA	NA	NA	NA	NA	NA	NA	NA	1.37000
39.40000	NA	NA	NA	NA	NA	NA	NA	NA	NA	NA	NA	1.36000
39.50000	NA	NA	NA	NA	NA	NA	NA	NA	NA	NA	NA	1.35000
39.60000	NA	NA	NA	NA	NA	NA	NA	NA	NA	NA	NA	1.34000
39.70000	NA	NA	NA	NA	NA	NA	NA	NA	NA	NA	NA	1.33000
39.80000	NA	NA	NA	NA	NA	NA	NA	NA	NA	NA	NA	1.32000
39.90000	NA	NA	NA	NA	NA	NA	NA	NA	NA	NA	NA	1.32000
40.00000	NA	NA	NA	NA	NA	NA	NA	NA	NA	NA	NA	1.31000
40.10000	NA	NA	NA	NA	NA	NA	NA	NA	NA	NA	NA	1.30000
40.20000	NA	NA	NA	NA	NA	NA	NA	NA	NA	NA	NA	1.29000
40.30000	NA	NA	NA	NA	NA	NA	NA	NA	NA	NA	NA	1.28000
40.40000	NA	NA	NA	NA	NA	NA	NA	NA	NA	NA	NA	1.27000
40.50000	NA	NA	NA	NA	NA	NA	NA	NA	NA	NA	NA	1.27000
40.60000	NA	NA	NA	NA	NA	NA	NA	NA	NA	NA	NA	1.26000
40.70000	NA	NA	NA	NA	NA	NA	NA	NA	NA	NA	NA	1.25000
